+------+--------------------------------------------------------------------+------------------------------------------------------------------+
|  n   |                             IE2 error                              |                            RK4 error                             |
+------+--------------------------------------------------------------------+------------------------------------------------------------------+
|  2   |                 [0.8807507  2.18149373 1.76902641]                 |                [0.8807507  1.81066396 0.82065133]                |
|  6   | [0.8807507  0.97980402 0.98898282 1.42086753 0.78009925 0.13494347 | [0.8807507  1.09068245 1.15024719 1.5478573  1.46917096 0.90159  |
|      |                             0.51268382]                            |                            0.79192455]                           |
|  20  | [0.8807507  1.00425944 1.06017451 1.0785081  1.08043489 1.08242224 |   [8.80750695e-01 1.00754846e+00 1.06583481e+00 1.08496766e+00   |
|      |  1.10109012 1.15815671 1.28316607 1.4805394  1.59446785 1.55040233 |    1.08741078e+00 1.09040076e+00 1.11135216e+00 1.17325071e+00   |
|      |  1.43704867 1.28940552 1.12304311 0.9459039  0.76222226 0.57435723 |    1.30541826e+00 1.49704223e+00 1.60807083e+00 1.57369249e+00   |
|      |                  0.38368942 0.19106671 0.00296697]                 |    1.45785681e+00 1.30521934e+00 1.13476527e+00 9.54712242e-01   |
|      |                                                                    |    7.68995346e-01 5.79689168e-01 3.87977580e-01 1.94580699e-01   |
|      |                                                                    |                          4.01776501e-05]                         |
|  63  |    [8.80750695e-01 9.29948361e-01 9.70559512e-01 1.00307019e+00    |   [8.80750695e-01 9.30001653e-01 9.70717056e-01 1.00333584e+00   |
|      |     1.02843130e+00 1.04771293e+00 1.06194601e+00 1.07206433e+00    |    1.02878828e+00 1.04813981e+00 1.06242371e+00 1.07257820e+00   |
|      |     1.07889417e+00 1.08316437e+00 1.08552367e+00 1.08655973e+00    |    1.07943406e+00 1.08372397e+00 1.08609980e+00 1.08715183e+00   |
|      |     1.08681769e+00 1.08681769e+00 1.08707163e+00 1.08809958e+00    |    1.08742741e+00 1.08744875e+00 1.08772981e+00 1.08879299e+00   |
|      |     1.09044659e+00 1.09470019e+00 1.10150900e+00 1.11160171e+00    |    1.09118599e+00 1.09549964e+00 1.10238659e+00 1.11258046e+00   |
|      |     1.12580455e+00 1.14505116e+00 1.17037211e+00 1.20283628e+00    |    1.12691316e+00 1.14632403e+00 1.17184715e+00 1.20454767e+00   |
|      |     1.24339197e+00 1.29252256e+00 1.34962492e+00 1.41215086e+00    |    1.24535290e+00 1.29469370e+00 1.35187616e+00 1.41426050e+00   |
|      |     1.47499362e+00 1.53114828e+00 1.57412030e+00 1.60043911e+00    |    1.47675916e+00 1.53257768e+00 1.57545975e+00 1.60194328e+00   |
|      |     1.61009690e+00 1.60519722e+00 1.58848331e+00 1.56251913e+00    |    1.61184217e+00 1.60710956e+00 1.59044450e+00 1.56443194e+00   |
|      |     1.52941080e+00 1.49079193e+00 1.44789914e+00 1.40166167e+00    |    1.53121529e+00 1.49245937e+00 1.44942138e+00 1.40304234e+00   |
|      |     1.35277894e+00 1.30178080e+00 1.24907228e+00 1.19496614e+00    |    1.35402758e+00 1.30290934e+00 1.25009313e+00 1.19589118e+00   |
|      |     1.13970645e+00 1.08348568e+00 1.02645717e+00 9.68744256e-01    |    1.14054658e+00 1.08425067e+00 1.02715564e+00 9.69383762e-01   |
|      |     9.10447071e-01 8.51647608e-01 7.92413560e-01 7.32801236e-01    |    9.11034213e-01 8.52188138e-01 7.92912487e-01 7.33262931e-01   |
|      |     6.72857814e-01 6.12623083e-01 5.52130816e-01 4.91409840e-01    |    6.73286094e-01 6.13021292e-01 5.52501886e-01 4.91756353e-01   |
|      |     4.30484904e-01 3.69377360e-01 3.08105723e-01 2.46686117e-01    |    4.30809137e-01 3.69681328e-01 3.08391212e-01 2.46954717e-01   |
|      |    1.85132649e-01 1.23457707e-01 6.16722144e-02 2.14162705e-04]    |   1.85385776e-01 1.23696629e-01 6.18980674e-02 3.58170527e-07]   |
| 200  |    [8.80750695e-01 8.97174683e-01 9.12767606e-01 9.27510336e-01    |   [8.80750695e-01 8.97175452e-01 9.12770037e-01 9.27515104e-01   |
|      |     9.41397375e-01 9.54434220e-01 9.66635019e-01 9.78020543e-01    |    9.41404954e-01 9.54444912e-01 9.66648983e-01 9.78037823e-01   |
|      |     9.88616470e-01 9.98451982e-01 1.00755861e+00 1.01596932e+00    |    9.88637024e-01 9.98475704e-01 1.00758535e+00 1.01599890e+00   |
|      |     1.02371781e+00 1.03083795e+00 1.03736335e+00 1.04332710e+00    |    1.02375003e+00 1.03087261e+00 1.03740025e+00 1.04336604e+00   |
|      |     1.04876149e+00 1.05369791e+00 1.05816671e+00 1.06219721e+00    |    1.04880228e+00 1.05374037e+00 1.05821070e+00 1.06224256e+00   |
|      |     1.06581761e+00 1.06905503e+00 1.07193552e+00 1.07448412e+00    |    1.06586418e+00 1.06910271e+00 1.07198419e+00 1.07453368e+00   |
|      |     1.07672485e+00 1.07868082e+00 1.08037425e+00 1.08182656e+00    |    1.07677523e+00 1.07873194e+00 1.08042605e+00 1.08187899e+00   |
|      |     1.08305839e+00 1.08408967e+00 1.08493971e+00 1.08562724e+00    |    1.08311139e+00 1.08414323e+00 1.08499379e+00 1.08568183e+00   |
|      |     1.08617047e+00 1.08658713e+00 1.08689455e+00 1.08710973e+00    |    1.08622556e+00 1.08664271e+00 1.08695063e+00 1.08716632e+00   |
|      |     1.08724936e+00 1.08732987e+00 1.08736752e+00 1.08737845e+00    |    1.08730647e+00 1.08738753e+00 1.08742577e+00 1.08743731e+00   |
|      |     1.08737868e+00 1.08738421e+00 1.08741106e+00 1.08747531e+00    |    1.08743820e+00 1.08744444e+00 1.08747205e+00 1.08753713e+00   |
|      |     1.08759318e+00 1.08778104e+00 1.08805549e+00 1.08843341e+00    |    1.08765590e+00 1.08784473e+00 1.08812023e+00 1.08849930e+00   |
|      |     1.08893201e+00 1.08956890e+00 1.09036210e+00 1.09133017e+00    |    1.08899915e+00 1.08963739e+00 1.09043207e+00 1.09140175e+00   |
|      |     1.09249220e+00 1.09386792e+00 1.09547774e+00 1.09734279e+00    |    1.09256553e+00 1.09394316e+00 1.09555505e+00 1.09742236e+00   |
|      |     1.09948501e+00 1.10192721e+00 1.10469310e+00 1.10780738e+00    |    1.09956703e+00 1.10201189e+00 1.10478068e+00 1.10789809e+00   |
|      |     1.11129574e+00 1.11518494e+00 1.11950284e+00 1.12427835e+00    |    1.11138986e+00 1.11528276e+00 1.11960464e+00 1.12438447e+00   |
|      |     1.12954149e+00 1.13532331e+00 1.14165581e+00 1.14857184e+00    |    1.12965226e+00 1.13543910e+00 1.14177699e+00 1.14869879e+00   |
|      |     1.15610485e+00 1.16428867e+00 1.17315711e+00 1.18274344e+00    |    1.15623796e+00 1.16442833e+00 1.17330369e+00 1.18289729e+00   |
|      |     1.19307978e+00 1.20419621e+00 1.21611971e+00 1.22887290e+00    |    1.19324120e+00 1.20436543e+00 1.21629688e+00 1.22905803e+00   |
|      |     1.24247235e+00 1.25692671e+00 1.27223445e+00 1.28838136e+00    |    1.24266528e+00 1.25712709e+00 1.27244168e+00 1.28859453e+00   |
|      |     1.30533770e+00 1.32305534e+00 1.34146489e+00 1.36047321e+00    |    1.30555560e+00 1.32327643e+00 1.34168729e+00 1.36069479e+00   |
|      |     1.37996152e+00 1.39978468e+00 1.41977195e+00 1.43972959e+00    |    1.38017995e+00 1.39999763e+00 1.41997723e+00 1.43992536e+00   |
|      |     1.45944557e+00 1.47869628e+00 1.49725495e+00 1.51490100e+00    |    1.45963059e+00 1.47887006e+00 1.49741784e+00 1.51505418e+00   |
|      |     1.53142945e+00 1.54665944e+00 1.56044088e+00 1.57265868e+00    |    1.53157484e+00 1.54679946e+00 1.56057818e+00 1.57279586e+00   |
|      |     1.58323432e+00 1.59212496e+00 1.59932050e+00 1.60483921e+00    |    1.58337368e+00 1.59226834e+00 1.59946915e+00 1.60499383e+00   |
|      |     1.60872271e+00 1.61103062e+00 1.61183559e+00 1.61121882e+00    |    1.60888344e+00 1.61119718e+00 1.61200734e+00 1.61139489e+00   |
|      |     1.60926626e+00 1.60606560e+00 1.60170388e+00 1.59626579e+00    |    1.60944567e+00 1.60624730e+00 1.60188684e+00 1.59644904e+00   |
|      |     1.58983246e+00 1.58248069e+00 1.57428249e+00 1.56530492e+00    |    1.59001511e+00 1.58266196e+00 1.57446169e+00 1.56548148e+00   |
|      |     1.55561004e+00 1.54525506e+00 1.53429255e+00 1.52277066e+00    |    1.55578350e+00 1.54542504e+00 1.53445876e+00 1.52293288e+00   |
|      |     1.51073346e+00 1.49822119e+00 1.48527060e+00 1.47191523e+00    |    1.51089154e+00 1.49837503e+00 1.48542015e+00 1.47206048e+00   |
|      |     1.45818567e+00 1.44410982e+00 1.42971320e+00 1.41501906e+00    |    1.45832663e+00 1.44424654e+00 1.42984574e+00 1.41514750e+00   |
|      |     1.40004869e+00 1.38482155e+00 1.36935545e+00 1.35366671e+00    |    1.40017313e+00 1.38494208e+00 1.36947219e+00 1.35377977e+00   |
|      |     1.33777031e+00 1.32167999e+00 1.30540838e+00 1.28896711e+00    |    1.33787980e+00 1.32178603e+00 1.30551109e+00 1.28906660e+00   |
|      |     1.27236688e+00 1.25561757e+00 1.23872827e+00 1.22170743e+00    |    1.27246327e+00 1.25571097e+00 1.23881879e+00 1.22179517e+00   |
|      |     1.20456281e+00 1.18730164e+00 1.16993061e+00 1.15245592e+00    |    1.20464789e+00 1.18738416e+00 1.17001065e+00 1.15253359e+00   |
|      |     1.13488334e+00 1.11721823e+00 1.09946558e+00 1.08163005e+00    |    1.13495872e+00 1.11729141e+00 1.09953664e+00 1.08169907e+00   |
|      |     1.06371597e+00 1.04572740e+00 1.02766813e+00 1.00954169e+00    |    1.06378304e+00 1.04579258e+00 1.02773149e+00 1.00960331e+00   |
|      |     9.91351400e-01 9.73100376e-01 9.54791529e-01 9.36427597e-01    |    9.91411337e-01 9.73158693e-01 9.54848286e-01 9.36482851e-01   |
|      |     9.18011151e-01 8.99544609e-01 8.81030246e-01 8.62470207e-01    |    9.18064955e-01 8.99597016e-01 8.81081307e-01 8.62519969e-01   |
|      |     8.43866510e-01 8.25221063e-01 8.06535663e-01 7.87812009e-01    |    8.43915019e-01 8.25268362e-01 8.06581795e-01 7.87857014e-01   |
|      |     7.69051709e-01 7.50256280e-01 7.31427163e-01 7.12565719e-01    |    7.69095625e-01 7.50299145e-01 7.31469011e-01 7.12606584e-01   |
|      |     6.93673239e-01 6.74750949e-01 6.55800011e-01 6.36821529e-01    |    6.93713155e-01 6.74789946e-01 6.55838119e-01 6.36858776e-01   |
|      |     6.17816551e-01 5.98786076e-01 5.79731052e-01 5.60652382e-01    |    6.17852966e-01 5.98821685e-01 5.79765880e-01 5.60686453e-01   |
|      |     5.41550926e-01 5.22427503e-01 5.03282895e-01 4.84117847e-01    |    5.41584264e-01 5.22460131e-01 5.03314834e-01 4.84149118e-01   |
|      |     4.64933071e-01 4.45729244e-01 4.26507017e-01 4.07267010e-01    |    4.64963693e-01 4.45759238e-01 4.26536401e-01 4.07295801e-01   |
|      |     3.88009814e-01 3.68735998e-01 3.49446105e-01 3.30140653e-01    |    3.88038030e-01 3.68763655e-01 3.49473218e-01 3.30167239e-01   |
|      |     3.10820142e-01 2.91485047e-01 2.72135828e-01 2.52772922e-01    |    3.10846215e-01 2.91510622e-01 2.72160918e-01 2.52797541e-01   |
|      |     2.33396751e-01 2.14007719e-01 1.94606214e-01 1.75192608e-01    |    2.33420911e-01 2.14031433e-01 1.94629493e-01 1.75215465e-01   |
|      |     1.55767261e-01 1.36330516e-01 1.16882705e-01 9.74241461e-02    |    1.55789706e-01 1.36352560e-01 1.16904358e-01 9.74454190e-02   |
|      |     7.79551468e-02 5.84760020e-02 3.89869961e-02 1.94884031e-02    |    7.79760489e-02 5.84965427e-02 3.90071844e-02 1.95082479e-02   |
|      |                           1.95130960e-05]                          |                          3.32604144e-09]                         |
| 632  |    [8.80750695e-01 8.86036363e-01 8.91241001e-01 8.96363471e-01    |   [8.80750695e-01 8.86036377e-01 8.91241039e-01 8.96363543e-01   |
|      |     9.01402810e-01 9.06358222e-01 9.11229068e-01 9.16014858e-01    |    9.01402925e-01 9.06358388e-01 9.11229293e-01 9.16015148e-01   |
|      |     9.20715241e-01 9.25329996e-01 9.29859025e-01 9.34302344e-01    |    9.20715602e-01 9.25330434e-01 9.29859545e-01 9.34302950e-01   |
|      |     9.38660074e-01 9.42932435e-01 9.47119739e-01 9.51222381e-01    |    9.38660770e-01 9.42933225e-01 9.47120625e-01 9.51223364e-01   |
|      |     9.55240833e-01 9.59175638e-01 9.63027406e-01 9.66796804e-01    |    9.55241916e-01 9.59176823e-01 9.63028693e-01 9.66798194e-01   |
|      |     9.70484554e-01 9.74091426e-01 9.77618236e-01 9.81065838e-01    |    9.70486048e-01 9.74093024e-01 9.77619937e-01 9.81067642e-01   |
|      |     9.84435120e-01 9.87727006e-01 9.90942442e-01 9.94082403e-01    |    9.84437027e-01 9.87729014e-01 9.90944551e-01 9.94084611e-01   |
|      |     9.97147883e-01 1.00013990e+00 1.00305947e+00 1.00590764e+00    |    9.97150189e-01 1.00014230e+00 1.00306196e+00 1.00591023e+00   |
|      |     1.00868546e+00 1.01139400e+00 1.01403431e+00 1.01660747e+00    |    1.00868814e+00 1.01139677e+00 1.01403717e+00 1.01661041e+00   |
|      |     1.01911455e+00 1.02155663e+00 1.02393477e+00 1.02625006e+00    |    1.01911758e+00 1.02155974e+00 1.02393797e+00 1.02625333e+00   |
|      |     1.02850357e+00 1.03069635e+00 1.03282948e+00 1.03490401e+00    |    1.02850692e+00 1.03069977e+00 1.03283297e+00 1.03490757e+00   |
|      |     1.03692098e+00 1.03888145e+00 1.04078644e+00 1.04263699e+00    |    1.03692461e+00 1.03888515e+00 1.04079020e+00 1.04264082e+00   |
|      |     1.04443411e+00 1.04617882e+00 1.04787210e+00 1.04951496e+00    |    1.04443800e+00 1.04618276e+00 1.04787610e+00 1.04951902e+00   |
|      |     1.05110837e+00 1.05265331e+00 1.05415072e+00 1.05560157e+00    |    1.05111248e+00 1.05265747e+00 1.05415493e+00 1.05560583e+00   |
|      |     1.05700678e+00 1.05836728e+00 1.05968400e+00 1.06095783e+00    |    1.05701109e+00 1.05837164e+00 1.05968840e+00 1.06096227e+00   |
|      |     1.06218967e+00 1.06338040e+00 1.06453089e+00 1.06564201e+00    |    1.06219415e+00 1.06338492e+00 1.06453545e+00 1.06564661e+00   |
|      |     1.06671460e+00 1.06774951e+00 1.06874756e+00 1.06970958e+00    |    1.06671924e+00 1.06775418e+00 1.06875227e+00 1.06971431e+00   |
|      |     1.07063636e+00 1.07152871e+00 1.07238742e+00 1.07321325e+00    |    1.07064113e+00 1.07153351e+00 1.07239224e+00 1.07321811e+00   |
|      |     1.07400699e+00 1.07476939e+00 1.07550120e+00 1.07620315e+00    |    1.07401188e+00 1.07477430e+00 1.07550613e+00 1.07620811e+00   |
|      |     1.07687597e+00 1.07752040e+00 1.07813714e+00 1.07872689e+00    |    1.07688096e+00 1.07752541e+00 1.07814217e+00 1.07873194e+00   |
|      |     1.07929035e+00 1.07982820e+00 1.08034113e+00 1.08082981e+00    |    1.07929542e+00 1.07983330e+00 1.08034625e+00 1.08083495e+00   |
|      |     1.08129490e+00 1.08173706e+00 1.08215692e+00 1.08255515e+00    |    1.08130006e+00 1.08174223e+00 1.08216212e+00 1.08256037e+00   |
|      |     1.08293237e+00 1.08328921e+00 1.08362628e+00 1.08394422e+00    |    1.08293760e+00 1.08329446e+00 1.08363155e+00 1.08394951e+00   |
|      |     1.08424362e+00 1.08452509e+00 1.08478922e+00 1.08503662e+00    |    1.08424892e+00 1.08453041e+00 1.08479456e+00 1.08504197e+00   |
|      |     1.08526785e+00 1.08548352e+00 1.08568418e+00 1.08587042e+00    |    1.08527322e+00 1.08548890e+00 1.08568958e+00 1.08587584e+00   |
|      |     1.08604280e+00 1.08620189e+00 1.08634823e+00 1.08648239e+00    |    1.08604824e+00 1.08620734e+00 1.08635370e+00 1.08648787e+00   |
|      |     1.08660492e+00 1.08671635e+00 1.08681724e+00 1.08690813e+00    |    1.08661041e+00 1.08672186e+00 1.08682277e+00 1.08691367e+00   |
|      |     1.08698955e+00 1.08706202e+00 1.08712610e+00 1.08718229e+00    |    1.08699510e+00 1.08706760e+00 1.08713169e+00 1.08718790e+00   |
|      |     1.08723113e+00 1.08727314e+00 1.08730884e+00 1.08733875e+00    |    1.08723676e+00 1.08727878e+00 1.08731450e+00 1.08734443e+00   |
|      |     1.08736338e+00 1.08738326e+00 1.08739888e+00 1.08741077e+00    |    1.08736908e+00 1.08738897e+00 1.08740461e+00 1.08741652e+00   |
|      |     1.08741944e+00 1.08742539e+00 1.08742914e+00 1.08743119e+00    |    1.08742520e+00 1.08743118e+00 1.08743494e+00 1.08743702e+00   |
|      |     1.08743205e+00 1.08743224e+00 1.08743224e+00 1.08743258e+00    |    1.08743790e+00 1.08743810e+00 1.08743813e+00 1.08743849e+00   |
|      |     1.08743376e+00 1.08743628e+00 1.08744066e+00 1.08744741e+00    |    1.08743969e+00 1.08744224e+00 1.08744664e+00 1.08745341e+00   |
|      |     1.08745702e+00 1.08747002e+00 1.08748692e+00 1.08750822e+00    |    1.08746305e+00 1.08747607e+00 1.08749299e+00 1.08751432e+00   |
|      |     1.08753444e+00 1.08756609e+00 1.08760370e+00 1.08764778e+00    |    1.08754056e+00 1.08757225e+00 1.08760988e+00 1.08765399e+00   |
|      |     1.08769886e+00 1.08775745e+00 1.08782408e+00 1.08789929e+00    |    1.08770510e+00 1.08776372e+00 1.08783039e+00 1.08790562e+00   |
|      |     1.08798359e+00 1.08807754e+00 1.08818165e+00 1.08829648e+00    |    1.08798996e+00 1.08808394e+00 1.08818809e+00 1.08830296e+00   |
|      |     1.08842257e+00 1.08856047e+00 1.08871072e+00 1.08887388e+00    |    1.08842909e+00 1.08856702e+00 1.08871731e+00 1.08888051e+00   |
|      |     1.08905052e+00 1.08924119e+00 1.08944646e+00 1.08966692e+00    |    1.08905719e+00 1.08924790e+00 1.08945322e+00 1.08967372e+00   |
|      |     1.08990312e+00 1.09015566e+00 1.09042513e+00 1.09071212e+00    |    1.08990997e+00 1.09016256e+00 1.09043207e+00 1.09071911e+00   |
|      |     1.09101723e+00 1.09134106e+00 1.09168422e+00 1.09204734e+00    |    1.09102427e+00 1.09134815e+00 1.09169137e+00 1.09205454e+00   |
|      |     1.09243103e+00 1.09283593e+00 1.09326267e+00 1.09371189e+00    |    1.09243829e+00 1.09284325e+00 1.09327004e+00 1.09371933e+00   |
|      |     1.09418425e+00 1.09468041e+00 1.09520103e+00 1.09574679e+00    |    1.09419176e+00 1.09468798e+00 1.09520867e+00 1.09575449e+00   |
|      |     1.09631836e+00 1.09691644e+00 1.09754172e+00 1.09819491e+00    |    1.09632613e+00 1.09692428e+00 1.09754964e+00 1.09820291e+00   |
|      |     1.09887673e+00 1.09958790e+00 1.10032915e+00 1.10110123e+00    |    1.09888481e+00 1.09959606e+00 1.10033739e+00 1.10110955e+00   |
|      |     1.10190488e+00 1.10274087e+00 1.10360997e+00 1.10451296e+00    |    1.10191329e+00 1.10274937e+00 1.10361856e+00 1.10452164e+00   |
|      |     1.10545062e+00 1.10642377e+00 1.10743321e+00 1.10847976e+00    |    1.10545940e+00 1.10643265e+00 1.10744219e+00 1.10848885e+00   |
|      |     1.10956426e+00 1.11068755e+00 1.11185048e+00 1.11305392e+00    |    1.10957345e+00 1.11069685e+00 1.11185989e+00 1.11306345e+00   |
|      |     1.11429874e+00 1.11558583e+00 1.11691608e+00 1.11829041e+00    |    1.11430838e+00 1.11559559e+00 1.11692597e+00 1.11830043e+00   |
|      |     1.11970973e+00 1.12117497e+00 1.12268708e+00 1.12424701e+00    |    1.11971988e+00 1.12118526e+00 1.12269751e+00 1.12425757e+00   |
|      |     1.12585571e+00 1.12751417e+00 1.12922336e+00 1.13098428e+00    |    1.12586642e+00 1.12752502e+00 1.12923437e+00 1.13099544e+00   |
|      |     1.13279793e+00 1.13466532e+00 1.13658748e+00 1.13856543e+00    |    1.13280925e+00 1.13467680e+00 1.13659913e+00 1.13857725e+00   |
|      |     1.14060021e+00 1.14269287e+00 1.14484446e+00 1.14705604e+00    |    1.14061221e+00 1.14270504e+00 1.14485682e+00 1.14706858e+00   |
|      |     1.14932867e+00 1.15166342e+00 1.15406136e+00 1.15652357e+00    |    1.14934140e+00 1.15167634e+00 1.15407448e+00 1.15653688e+00   |
|      |     1.15905111e+00 1.16164506e+00 1.16430650e+00 1.16703650e+00    |    1.15906463e+00 1.16165880e+00 1.16432045e+00 1.16705066e+00   |
|      |     1.16983612e+00 1.17270641e+00 1.17564843e+00 1.17866321e+00    |    1.16985050e+00 1.17272102e+00 1.17566326e+00 1.17867827e+00   |
|      |     1.18175177e+00 1.18491513e+00 1.18815427e+00 1.19147016e+00    |    1.18176707e+00 1.18493067e+00 1.18817005e+00 1.19148617e+00   |
|      |     1.19486373e+00 1.19833590e+00 1.20188755e+00 1.20551952e+00    |    1.19487999e+00 1.19835241e+00 1.20190431e+00 1.20553654e+00   |
|      |     1.20923262e+00 1.21302759e+00 1.21690515e+00 1.22086594e+00    |    1.20924988e+00 1.21304511e+00 1.21692292e+00 1.22088396e+00   |
|      |     1.22491055e+00 1.22903951e+00 1.23325326e+00 1.23755217e+00    |    1.22492883e+00 1.22905804e+00 1.23327204e+00 1.23757121e+00   |
|      |     1.24193653e+00 1.24640653e+00 1.25096226e+00 1.25560369e+00    |    1.24195581e+00 1.24642606e+00 1.25098202e+00 1.25562369e+00   |
|      |     1.26033070e+00 1.26514302e+00 1.27004026e+00 1.27502188e+00    |    1.26035092e+00 1.26516346e+00 1.27006091e+00 1.27504273e+00   |
|      |     1.28008719e+00 1.28523536e+00 1.29046536e+00 1.29577599e+00    |    1.28010824e+00 1.28525659e+00 1.29048676e+00 1.29579756e+00   |
|      |     1.30116588e+00 1.30663345e+00 1.31217690e+00 1.31779423e+00    |    1.30118759e+00 1.30665529e+00 1.31219885e+00 1.31781628e+00   |
|      |     1.32348322e+00 1.32924141e+00 1.33506610e+00 1.34095435e+00    |    1.32350535e+00 1.32926360e+00 1.33508833e+00 1.34097660e+00   |
|      |     1.34690296e+00 1.35290848e+00 1.35896720e+00 1.36507514e+00    |    1.34692521e+00 1.35293071e+00 1.35898938e+00 1.36509725e+00   |
|      |     1.37122806e+00 1.37742144e+00 1.38365053e+00 1.38991027e+00    |    1.37125008e+00 1.37744334e+00 1.38367229e+00 1.38993187e+00   |
|      |     1.39619540e+00 1.40250037e+00 1.40881942e+00 1.41514654e+00    |    1.39621681e+00 1.40252158e+00 1.40884039e+00 1.41516726e+00   |
|      |     1.42147552e+00 1.42779994e+00 1.43411323e+00 1.44040863e+00    |    1.42149597e+00 1.42782011e+00 1.43413310e+00 1.44042818e+00   |
|      |     1.44667924e+00 1.45291807e+00 1.45911801e+00 1.46527191e+00    |    1.44669846e+00 1.45293695e+00 1.45913654e+00 1.46529010e+00   |
|      |     1.47137258e+00 1.47741282e+00 1.48338546e+00 1.48928337e+00    |    1.47139042e+00 1.47743031e+00 1.48340259e+00 1.48930017e+00   |
|      |     1.49509953e+00 1.50082701e+00 1.50645904e+00 1.51198902e+00    |    1.49511599e+00 1.50084314e+00 1.50647487e+00 1.51200455e+00   |
|      |     1.51741055e+00 1.52271747e+00 1.52790386e+00 1.53296409e+00    |    1.51742582e+00 1.52273248e+00 1.52791864e+00 1.53297866e+00   |
|      |     1.53789280e+00 1.54268497e+00 1.54733591e+00 1.55184125e+00    |    1.53790718e+00 1.54269920e+00 1.54735000e+00 1.55185523e+00   |
|      |     1.55619700e+00 1.56039952e+00 1.56444553e+00 1.56833213e+00    |    1.55621090e+00 1.56041336e+00 1.56445934e+00 1.56834594e+00   |
|      |     1.57205678e+00 1.57561731e+00 1.57901191e+00 1.58223912e+00    |    1.57207061e+00 1.57563117e+00 1.57902583e+00 1.58225311e+00   |
|      |     1.58529782e+00 1.58818723e+00 1.59090690e+00 1.59345668e+00    |    1.58531191e+00 1.58820144e+00 1.59092124e+00 1.59347116e+00   |
|      |     1.59583671e+00 1.59804742e+00 1.60008947e+00 1.60196382e+00    |    1.59585134e+00 1.59806221e+00 1.60010443e+00 1.60197895e+00   |
|      |     1.60367161e+00 1.60521422e+00 1.60659321e+00 1.60781033e+00    |    1.60368692e+00 1.60522971e+00 1.60660888e+00 1.60782618e+00   |
|      |     1.60886749e+00 1.60976674e+00 1.61051026e+00 1.61110035e+00    |    1.60888352e+00 1.60978294e+00 1.61052663e+00 1.61111689e+00   |
|      |     1.61153942e+00 1.61182996e+00 1.61197452e+00 1.61197574e+00    |    1.61155612e+00 1.61184680e+00 1.61199151e+00 1.61199286e+00   |
|      |     1.61183629e+00 1.61155889e+00 1.61114629e+00 1.61060126e+00    |    1.61185354e+00 1.61157626e+00 1.61116377e+00 1.61061884e+00   |
|      |     1.60992658e+00 1.60912504e+00 1.60819942e+00 1.60715249e+00    |    1.60994424e+00 1.60914278e+00 1.60821723e+00 1.60717036e+00   |
|      |     1.60598702e+00 1.60470575e+00 1.60331140e+00 1.60180664e+00    |    1.60600494e+00 1.60472371e+00 1.60332938e+00 1.60182464e+00   |
|      |     1.60019413e+00 1.59847649e+00 1.59665630e+00 1.59473609e+00    |    1.60021214e+00 1.59849451e+00 1.59667431e+00 1.59475408e+00   |
|      |     1.59271836e+00 1.59060555e+00 1.58840007e+00 1.58610426e+00    |    1.59273633e+00 1.59062349e+00 1.58841796e+00 1.58612211e+00   |
|      |     1.58372044e+00 1.58125085e+00 1.57869770e+00 1.57606314e+00    |    1.58373823e+00 1.58126858e+00 1.57871536e+00 1.57608073e+00   |
|      |     1.57334928e+00 1.57055817e+00 1.56769182e+00 1.56475217e+00    |    1.57336680e+00 1.57057561e+00 1.56770916e+00 1.56476942e+00   |
|      |     1.56174113e+00 1.55866057e+00 1.55551228e+00 1.55229802e+00    |    1.56175829e+00 1.55867763e+00 1.55552923e+00 1.55231487e+00   |
|      |     1.54901952e+00 1.54567842e+00 1.54227637e+00 1.53881493e+00    |    1.54903625e+00 1.54569505e+00 1.54229287e+00 1.53883132e+00   |
|      |     1.53529564e+00 1.53171999e+00 1.52808944e+00 1.52440538e+00    |    1.53531191e+00 1.53173614e+00 1.52810545e+00 1.52442127e+00   |
|      |     1.52066920e+00 1.51688222e+00 1.51304574e+00 1.50916101e+00    |    1.52068496e+00 1.51689785e+00 1.51306124e+00 1.50917638e+00   |
|      |     1.50522925e+00 1.50125166e+00 1.49722939e+00 1.49316355e+00    |    1.50524449e+00 1.50126677e+00 1.49724436e+00 1.49317839e+00   |
|      |     1.48905523e+00 1.48490549e+00 1.48071535e+00 1.47648582e+00    |    1.48906993e+00 1.48492006e+00 1.48072979e+00 1.47650012e+00   |
|      |     1.47221786e+00 1.46791241e+00 1.46357038e+00 1.45919267e+00    |    1.47223203e+00 1.46792644e+00 1.46358428e+00 1.45920644e+00   |
|      |     1.45478013e+00 1.45033361e+00 1.44585391e+00 1.44134183e+00    |    1.45479377e+00 1.45034711e+00 1.44586729e+00 1.44135508e+00   |
|      |     1.43679814e+00 1.43222358e+00 1.42761888e+00 1.42298474e+00    |    1.43681125e+00 1.43223657e+00 1.42763174e+00 1.42299748e+00   |
|      |     1.41832186e+00 1.41363089e+00 1.40891249e+00 1.40416728e+00    |    1.41833446e+00 1.41364337e+00 1.40892484e+00 1.40417951e+00   |
|      |     1.39939587e+00 1.39459887e+00 1.38977685e+00 1.38493037e+00    |    1.39940798e+00 1.39461086e+00 1.38978871e+00 1.38494211e+00   |
|      |     1.38005998e+00 1.37516621e+00 1.37024959e+00 1.36531061e+00    |    1.38007161e+00 1.37517772e+00 1.37026098e+00 1.36532189e+00   |
|      |     1.36034976e+00 1.35536753e+00 1.35036438e+00 1.34534075e+00    |    1.36036093e+00 1.35537859e+00 1.35037532e+00 1.34535159e+00   |
|      |     1.34029710e+00 1.33523384e+00 1.33015140e+00 1.32505018e+00    |    1.34030782e+00 1.33524446e+00 1.33016191e+00 1.32506058e+00   |
|      |     1.31993057e+00 1.31479296e+00 1.30963773e+00 1.30446524e+00    |    1.31994087e+00 1.31480316e+00 1.30964782e+00 1.30447523e+00   |
|      |     1.29927585e+00 1.29406990e+00 1.28884774e+00 1.28360968e+00    |    1.29928574e+00 1.29407969e+00 1.28885743e+00 1.28361928e+00   |
|      |     1.27835606e+00 1.27308718e+00 1.26780335e+00 1.26250486e+00    |    1.27836556e+00 1.27309658e+00 1.26781266e+00 1.26251408e+00   |
|      |     1.25719202e+00 1.25186509e+00 1.24652436e+00 1.24117009e+00    |    1.25720115e+00 1.25187413e+00 1.24653331e+00 1.24117895e+00   |
|      |     1.23580255e+00 1.23042199e+00 1.22502867e+00 1.21962281e+00    |    1.23581132e+00 1.23043068e+00 1.22503727e+00 1.21963133e+00   |
|      |     1.21420468e+00 1.20877449e+00 1.20333247e+00 1.19787884e+00    |    1.21421311e+00 1.20878284e+00 1.20334074e+00 1.19788703e+00   |
|      |     1.19241383e+00 1.18693763e+00 1.18145046e+00 1.17595252e+00    |    1.19242194e+00 1.18694567e+00 1.18145842e+00 1.17596040e+00   |
|      |     1.17044400e+00 1.16492510e+00 1.15939600e+00 1.15385689e+00    |    1.17045181e+00 1.16493283e+00 1.15940366e+00 1.15386448e+00   |
|      |     1.14830794e+00 1.14274934e+00 1.13718124e+00 1.13160383e+00    |    1.14831546e+00 1.14275678e+00 1.13718862e+00 1.13161113e+00   |
|      |     1.12601725e+00 1.12042168e+00 1.11481727e+00 1.10920416e+00    |    1.12602449e+00 1.12042885e+00 1.11482437e+00 1.10921120e+00   |
|      |     1.10358252e+00 1.09795248e+00 1.09231419e+00 1.08666779e+00    |    1.10358949e+00 1.09795939e+00 1.09232104e+00 1.08667458e+00   |
|      |     1.08101342e+00 1.07535120e+00 1.06968128e+00 1.06400377e+00    |    1.08102014e+00 1.07535786e+00 1.06968788e+00 1.06401031e+00   |
|      |     1.05831881e+00 1.05262651e+00 1.04692700e+00 1.04122039e+00    |    1.05832529e+00 1.05263293e+00 1.04693336e+00 1.04122670e+00   |
|      |     1.03550680e+00 1.02978635e+00 1.02405914e+00 1.01832528e+00    |    1.03551306e+00 1.02979255e+00 1.02406528e+00 1.01833137e+00   |
|      |     1.01258487e+00 1.00683803e+00 1.00108484e+00 9.95325424e-01    |    1.01259091e+00 1.00684401e+00 1.00109078e+00 9.95331303e-01   |
|      |     9.89559863e-01 9.83788257e-01 9.78010699e-01 9.72227282e-01    |    9.89565691e-01 9.83794034e-01 9.78016427e-01 9.72232960e-01   |
|      |     9.66438095e-01 9.60643226e-01 9.54842763e-01 9.49036790e-01    |    9.66443725e-01 9.60648808e-01 9.54848298e-01 9.49042277e-01   |
|      |     9.43225389e-01 9.37408643e-01 9.31586632e-01 9.25759433e-01    |    9.43230830e-01 9.37414039e-01 9.31591982e-01 9.25764739e-01   |
|      |     9.19927124e-01 9.14089781e-01 9.08247476e-01 9.02400283e-01    |    9.19932386e-01 9.14094998e-01 9.08252650e-01 9.02405415e-01   |
|      |     8.96548273e-01 8.90691516e-01 8.84830080e-01 8.78964033e-01    |    8.96553363e-01 8.90696564e-01 8.84835086e-01 8.78968998e-01   |
|      |     8.73093440e-01 8.67218367e-01 8.61338876e-01 8.55455031e-01    |    8.73098365e-01 8.67223252e-01 8.61343722e-01 8.55459838e-01   |
|      |     8.49566893e-01 8.43674522e-01 8.37777976e-01 8.31877315e-01    |    8.49571661e-01 8.43679252e-01 8.37782668e-01 8.31881970e-01   |
|      |     8.25972594e-01 8.20063870e-01 8.14151199e-01 8.08234632e-01    |    8.25977212e-01 8.20068452e-01 8.14155744e-01 8.08239143e-01   |
|      |     8.02314225e-01 7.96390029e-01 7.90462095e-01 7.84530473e-01    |    8.02318700e-01 7.96394469e-01 7.90466500e-01 7.84534844e-01   |
|      |     7.78595212e-01 7.72656362e-01 7.66713970e-01 7.60768082e-01    |    7.78599550e-01 7.72660666e-01 7.66718241e-01 7.60772321e-01   |
|      |     7.54818746e-01 7.48866005e-01 7.42909905e-01 7.36950490e-01    |    7.54822952e-01 7.48870179e-01 7.42914048e-01 7.36954601e-01   |
|      |     7.30987801e-01 7.25021883e-01 7.19052775e-01 7.13080520e-01    |    7.30991882e-01 7.25025933e-01 7.19056795e-01 7.13084509e-01   |
|      |     7.07105157e-01 7.01126725e-01 6.95145264e-01 6.89160813e-01    |    7.07109117e-01 7.01130656e-01 6.95149166e-01 6.89164685e-01   |
|      |     6.83173407e-01 6.77183085e-01 6.71189883e-01 6.65193836e-01    |    6.83177252e-01 6.77186901e-01 6.71193671e-01 6.65197597e-01   |
|      |     6.59194980e-01 6.53193350e-01 6.47188979e-01 6.41181902e-01    |    6.59198714e-01 6.53197057e-01 6.47192660e-01 6.41185556e-01   |
|      |     6.35172150e-01 6.29159757e-01 6.23144755e-01 6.17127175e-01    |    6.35175778e-01 6.29163359e-01 6.23148331e-01 6.17130725e-01   |
|      |     6.11107047e-01 6.05084403e-01 5.99059273e-01 5.93031686e-01    |    6.11110573e-01 6.05087904e-01 5.99062749e-01 5.93035137e-01   |
|      |     5.87001670e-01 5.80969256e-01 5.74934470e-01 5.68897341e-01    |    5.87005098e-01 5.80972659e-01 5.74937850e-01 5.68900698e-01   |
|      |     5.62857896e-01 5.56816162e-01 5.50772166e-01 5.44725933e-01    |    5.62861230e-01 5.56819473e-01 5.50775454e-01 5.44729198e-01   |
|      |     5.38677489e-01 5.32626860e-01 5.26574070e-01 5.20519145e-01    |    5.38680732e-01 5.32630081e-01 5.26577270e-01 5.20522323e-01   |
|      |     5.14462108e-01 5.08402983e-01 5.02341794e-01 4.96278564e-01    |    5.14465264e-01 5.08406118e-01 5.02344908e-01 4.96281657e-01   |
|      |     4.90213315e-01 4.84146071e-01 4.78076853e-01 4.72005683e-01    |    4.90216388e-01 4.84149123e-01 4.78079885e-01 4.72008695e-01   |
|      |     4.65932583e-01 4.59857574e-01 4.53780676e-01 4.47701911e-01    |    4.65935575e-01 4.59860547e-01 4.53783630e-01 4.47704845e-01   |
|      |     4.41621299e-01 4.35538859e-01 4.29454612e-01 4.23368577e-01    |    4.41624214e-01 4.35541756e-01 4.29457490e-01 4.23371436e-01   |
|      |     4.17280773e-01 4.11191219e-01 4.05099934e-01 3.99006936e-01    |    4.17283614e-01 4.11194042e-01 4.05102738e-01 3.99009722e-01   |
|      |     3.92912243e-01 3.86815873e-01 3.80717844e-01 3.74618173e-01    |    3.92915011e-01 3.86818624e-01 3.80720577e-01 3.74620889e-01   |
|      |     3.68516877e-01 3.62413973e-01 3.56309479e-01 3.50203409e-01    |    3.68519576e-01 3.62416656e-01 3.56312144e-01 3.50206059e-01   |
|      |     3.44095782e-01 3.37986611e-01 3.31875915e-01 3.25763707e-01    |    3.44098414e-01 3.37989228e-01 3.31878515e-01 3.25766291e-01   |
|      |     3.19650004e-01 3.13534820e-01 3.07418171e-01 3.01300071e-01    |    3.19652572e-01 3.13537373e-01 3.07420708e-01 3.01302592e-01   |
|      |     2.95180535e-01 2.89059577e-01 2.82937212e-01 2.76813453e-01    |    2.95183041e-01 2.89062068e-01 2.82939688e-01 2.76815914e-01   |
|      |     2.70688314e-01 2.64561810e-01 2.58433953e-01 2.52304757e-01    |    2.70690761e-01 2.64564242e-01 2.58436370e-01 2.52307160e-01   |
|      |     2.46174234e-01 2.40042399e-01 2.33909263e-01 2.27774839e-01    |    2.46176623e-01 2.40044773e-01 2.33911623e-01 2.27777186e-01   |
|      |     2.21639140e-01 2.15502178e-01 2.09363966e-01 2.03224514e-01    |    2.21641473e-01 2.15504498e-01 2.09366271e-01 2.03226806e-01   |
|      |     1.97083836e-01 1.90941942e-01 1.84798845e-01 1.78654555e-01    |    1.97086115e-01 1.90944208e-01 1.84801097e-01 1.78656795e-01   |
|      |     1.72509084e-01 1.66362444e-01 1.60214644e-01 1.54065697e-01    |    1.72511311e-01 1.66364658e-01 1.60216846e-01 1.54067885e-01   |
|      |     1.47915612e-01 1.41764400e-01 1.35612073e-01 1.29458639e-01    |    1.47917788e-01 1.41766564e-01 1.35614224e-01 1.29460778e-01   |
|      |     1.23304109e-01 1.17148494e-01 1.10991803e-01 1.04834046e-01    |    1.23306236e-01 1.17150609e-01 1.10993906e-01 1.04836138e-01   |
|      |     9.86752333e-02 9.25153739e-02 8.63544774e-02 8.01925533e-02    |    9.86773134e-02 9.25174424e-02 8.63565344e-02 8.01945989e-02   |
|      |     7.40296108e-02 6.78656590e-02 6.17007071e-02 5.55347639e-02    |    7.40316452e-02 6.78676822e-02 6.17027192e-02 5.55367650e-02   |
|      |     4.93678384e-02 4.31999391e-02 3.70310748e-02 3.08612540e-02    |    4.93698285e-02 4.32019184e-02 3.70330434e-02 3.08632119e-02   |
|      |     2.46904852e-02 1.85187766e-02 1.23461364e-02 6.17257296e-03    |    2.46924325e-02 1.85207134e-02 1.23480628e-02 6.17448902e-03   |
|      |                           1.90583822e-06]                          |                          3.26578764e-11]                         |
| 2000 |  [8.80750695e-01 8.82429650e-01 8.84100601e-01 ... 3.90219361e-03  | [8.80750695e-01 8.82429650e-01 8.84100602e-01 ... 3.90238309e-03 |
|      |                   1.95104781e-03 1.88839011e-07]                   |                  1.95123697e-03 2.67119660e-13]                  |
+------+--------------------------------------------------------------------+------------------------------------------------------------------+
