ans = 2790x2790 sparse double matrix (38488 nonzeros)
  (89,1)        2
  (91,1)        1
 (130,1)        1
 (141,1)        1
 (149,1)       13
 (179,1)       11
 (180,1)       11
 (181,1)       11
 (182,1)       11
 (183,1)       11
 (184,1)       11
 (185,1)       11
 (186,1)       11
 (187,1)       11
 (188,1)       11
 (189,1)       11
 (199,1)       11
 (200,1)       11
 (201,1)       11
 (202,1)       11
 (203,1)       13
 (206,1)       11
 (207,1)       11
 (208,1)       11
 (209,1)       11
 (210,1)       11
 (214,1)       11
 (215,1)       11
 (216,1)       11
 (217,1)       11
 (218,1)       11
 (225,1)       11
 (226,1)       11
 (227,1)       11
 (228,1)       11
 (233,1)       11
 (234,1)       11
 (236,1)       11
 (237,1)       11
 (247,1)        1
 (260,1)        1
 (333,1)        1
 (357,1)        1
 (446,1)        1
 (507,1)       11
 (512,1)       11
 (543,1)       11
 (611,1)        1
 (633,1)        1
 (688,1)        1
 (689,1)        1
 (690,1)        1
 (745,1)        2
 (778,1)       12
 (889,1)        1
 (890,1)        1
(1180,1)        1
(1188,1)        1
(1335,1)        1
(1343,1)        1
(1347,1)        1
(1383,1)       11
(1384,1)       12
(1391,1)        1
(1428,1)        1
(1456,1)        1
(1570,1)        1
(1589,1)       11
(1616,1)       12
(1650,1)        1
(1680,1)        1
(1681,1)        1
(1758,1)        2
(1809,1)       11
(1879,1)        1
(2051,1)       11
(2079,1)        2
(2080,1)        2
(2081,1)        2
(2082,1)        2
(2083,1)        2
(2084,1)        2
(2085,1)        2
(2086,1)        2
(2087,1)        2
(2088,1)        2
(2089,1)        2
(2090,1)        2
(2091,1)        2
(2092,1)        2
(2093,1)        2
(2094,1)        2
(2095,1)        2
(2096,1)        2
(2097,1)        2
(2098,1)        2
(2099,1)        2
(2100,1)        2
(2101,1)        2
(2102,1)        2
(2103,1)        2
(2104,1)        2
(2209,1)       11
(2217,1)        1
(2229,1)        1
(2234,1)       13
(2300,1)        1
(2459,1)        1
(2460,1)        1
(2463,1)        1
(2465,1)        1
(2467,1)        1
(2473,1)        1
(2477,1)        1
(2479,1)        1
(2488,1)        1
(2597,1)       11
(2598,1)       11
(2599,1)       11
(2600,1)       12
(2609,1)       15
  (45,2)        1
  (70,2)        1
  (84,2)        1
 (160,2)        1
 (201,2)        1
 (255,2)        1
 (257,2)        3
 (259,2)        1
 (270,2)        3
 (302,2)        1
 (326,2)        1
 (360,2)        1
 (442,2)        1
 (449,2)        1
 (458,2)        1
 (465,2)        1
 (479,2)        1
 (488,2)        1
 (491,2)        1
 (606,2)        1
 (613,2)        1
 (629,2)        1
 (636,2)        4
 (672,2)        1
 (681,2)        4
 (688,2)        1
 (692,2)        1
 (709,2)        1
 (718,2)        3
 (722,2)        2
 (765,2)        2
 (766,2)        2
 (767,2)        1
 (773,2)        3
 (800,2)        1
 (811,2)        1
 (880,2)        1
 (895,2)        1
 (905,2)        1
(1020,2)        1
(1054,2)        1
(1161,2)        1
(1176,2)        1
(1180,2)        1
(1187,2)        1
(1188,2)        1
(1215,2)        1
(1218,2)        1
(1335,2)        1
(1387,2)        1
(1388,2)        1
(1391,2)        1
(1427,2)        1
(1428,2)        1
(1436,2)        1
(1442,2)        1
(1457,2)        1
(1488,2)        1
(1509,2)        1
(1528,2)        1
(1540,2)        1
(1668,2)        1
(1685,2)        1
(1706,2)        1
(1758,2)        1
(1765,2)        3
(1782,2)        3
(1783,2)        3
(1787,2)        2
(1788,2)        1
(1947,2)        1
(1952,2)        1
(2022,2)        1
(2025,2)        1
(2031,2)        1
(2034,2)        1
(2039,2)        1
(2041,2)        4
(2045,2)        1
(2047,2)        1
(2057,2)        1
(2131,2)        1
(2133,2)        1
(2163,2)        1
(2219,2)        1
(2259,2)        1
(2264,2)        1
(2338,2)        1
(2410,2)        1
(2415,2)        1
(2471,2)        1
(2733,2)        1
(2759,2)        1
(2770,2)        2
(2771,2)        1
  (84,3)        2
 (160,3)        1
 (201,3)        1
 (277,3)        1
 (302,3)        1
 (314,3)        1
 (319,3)        1
 (320,3)        1
 (326,3)        1
 (342,3)        1
 (343,3)        1
 (352,3)        1
 (357,3)        1
 (360,3)        1
 (373,3)        1
 (374,3)        1
 (375,3)        1
 (384,3)        1
 (385,3)        1
 (388,3)        1
 (391,3)        1
 (404,3)        1
 (442,3)        1
 (479,3)        1
 (488,3)        1
 (491,3)        1
 (606,3)        1
 (629,3)        1
 (636,3)        1
 (650,3)        1
 (688,3)        1
 (692,3)        1
 (709,3)        1
 (722,3)        1
 (792,3)        1
 (796,3)        1
 (800,3)        1
 (811,3)        1
 (880,3)        1
 (895,3)        1
 (905,3)        1
(1020,3)        1
(1054,3)        1
(1161,3)        1
(1176,3)        1
(1180,3)        1
(1187,3)        1
(1188,3)        1
(1215,3)        1
(1218,3)        1
(1335,3)        1
(1387,3)        1
(1388,3)        1
(1391,3)        1
(1427,3)        1
(1428,3)        1
(1436,3)        1
(1442,3)        1
(1457,3)        1
(1509,3)        1
(1528,3)        1
(1540,3)        1
(1543,3)        1
(1650,3)        1
(1651,3)        1
(1706,3)        1
(1758,3)        1
(1947,3)        1
(1952,3)        1
(2022,3)        1
(2025,3)        1
(2031,3)        1
(2034,3)        1
(2039,3)        1
(2041,3)        2
(2045,3)        1
(2047,3)        1
(2057,3)        1
(2131,3)        1
(2133,3)        1
(2163,3)        1
(2219,3)        1
(2259,3)        1
(2264,3)        1
(2338,3)        1
(2410,3)        1
(2415,3)        1
(2471,3)        1
(2733,3)        1
(2759,3)        1
(2770,3)        2
(2771,3)        1
  (84,4)        2
 (160,4)        2
 (201,4)        1
 (248,4)        1
 (270,4)        1
 (302,4)        1
 (326,4)        1
 (351,4)        1
 (352,4)        1
 (360,4)        2
 (441,4)        1
 (442,4)        1
 (479,4)        1
 (488,4)        1
 (491,4)        1
 (606,4)        1
 (629,4)        1
 (636,4)        2
 (688,4)        1
 (692,4)        1
 (709,4)        1
 (718,4)        1
 (800,4)        1
 (811,4)        2
 (880,4)        1
 (891,4)        1
 (895,4)        1
 (905,4)        1
(1020,4)        1
(1054,4)        1
(1161,4)        1
(1176,4)        1
(1180,4)        1
(1187,4)        1
(1188,4)        1
(1215,4)        1
(1218,4)        1
(1335,4)        1
(1387,4)        1
(1388,4)        1
(1391,4)        1
(1427,4)        1
(1428,4)        1
(1436,4)        1
(1442,4)        1
(1457,4)        1
(1509,4)        1
(1528,4)        1
(1540,4)        1
(1543,4)        1
(1588,4)        1
(1706,4)        1
(1758,4)        1
(1870,4)        3
(1947,4)        1
(1952,4)        1
(2017,4)        1
(2018,4)        1
(2019,4)        1
(2020,4)        1
(2021,4)        1
(2022,4)        2
(2023,4)        1
(2024,4)        1
(2025,4)        2
(2026,4)        1
(2027,4)        1
(2028,4)        1
(2029,4)        1
(2030,4)        1
(2031,4)        2
(2032,4)        1
(2033,4)        1
(2034,4)        3
(2035,4)        1
(2036,4)        1
(2037,4)        1
(2038,4)        1
(2039,4)        2
(2040,4)        1
(2041,4)        3
(2042,4)        1
(2043,4)        1
(2044,4)        1
(2045,4)        2
(2046,4)        1
(2047,4)        2
(2057,4)        1
(2131,4)        1
(2133,4)        1
(2163,4)        2
(2219,4)        1
(2229,4)        1
(2259,4)        1
(2264,4)        1
(2338,4)        1
(2410,4)        1
(2415,4)        1
(2471,4)        1
(2733,4)        1
(2759,4)        1
(2770,4)        1
(2771,4)        1
  (13,5)        1
  (28,5)        2
  (70,5)        2
  (84,5)        8
 (141,5)        1
 (160,5)       13
 (201,5)        3
 (248,5)        1
 (254,5)        1
 (257,5)        3
 (260,5)        2
 (268,5)        1
 (270,5)        2
 (277,5)        1
 (298,5)        1
 (302,5)        3
 (314,5)        1
 (315,5)        2
 (319,5)        1
 (320,5)        2
 (324,5)        1
 (326,5)        4
 (342,5)        2
 (343,5)        2
 (351,5)        7
 (352,5)        8
 (357,5)        2
 (360,5)        5
 (373,5)        2
 (374,5)        1
 (375,5)        1
 (384,5)        1
 (385,5)        2
 (388,5)        1
 (391,5)        2
 (404,5)        2
 (441,5)       11
 (442,5)        3
 (449,5)        1
 (479,5)        3
 (488,5)        3
 (491,5)        3
 (606,5)        3
 (613,5)        1
 (615,5)        1
 (622,5)        1
 (629,5)        3
 (633,5)        1
 (636,5)        5
 (650,5)        1
 (672,5)        1
 (681,5)        3
 (688,5)        3
 (692,5)        3
 (709,5)        3
 (718,5)        2
 (720,5)        1
 (722,5)        2
 (726,5)        2
 (773,5)        1
 (792,5)        2
 (796,5)        1
 (800,5)        3
 (810,5)        1
 (811,5)       10
 (880,5)        3
 (891,5)        7
 (895,5)        3
 (901,5)        2
 (905,5)        3
 (989,5)        1
(1020,5)        3
(1054,5)        3
(1128,5)        1
(1138,5)        1
(1139,5)        1
(1145,5)        1
(1147,5)        1
(1155,5)        1
(1159,5)        1
(1161,5)        3
(1162,5)        1
(1166,5)        1
(1167,5)        1
(1172,5)        2
(1176,5)        3
(1180,5)        3
(1187,5)        3
(1188,5)        3
(1215,5)        3
(1218,5)        3
(1335,5)        4
(1345,5)        1
(1387,5)        3
(1388,5)        3
(1391,5)        3
(1427,5)        3
(1428,5)        3
(1436,5)        3
(1442,5)        3
(1457,5)        3
(1509,5)        3
(1528,5)        3
(1532,5)        2
(1540,5)        3
(1543,5)        3
(1588,5)        1
(1650,5)        1
(1651,5)        1
(1706,5)        3
(1758,5)        4
(1765,5)        3
(1782,5)        3
(1783,5)        3
(1839,5)        1
(1840,5)        1
(1870,5)       11
(1873,5)        1
(1913,5)        1
(1947,5)        4
(1952,5)        3
(2017,5)        7
(2018,5)        7
(2019,5)        7
(2020,5)        7
(2021,5)        7
(2022,5)       10
(2023,5)        7
(2024,5)        7
(2025,5)       10
(2026,5)        7
(2027,5)        7
(2028,5)        7
(2029,5)        7
(2030,5)        7
(2031,5)       10
(2032,5)        7
(2033,5)        7
(2034,5)       12
(2035,5)        7
(2036,5)        7
(2037,5)        7
(2038,5)        7
(2039,5)       10
(2040,5)        7
(2041,5)       12
(2042,5)        7
(2043,5)        7
(2044,5)        7
(2045,5)       10
(2046,5)        7
(2047,5)       10
(2057,5)        4
(2068,5)        1
(2131,5)        3
(2133,5)        3
(2163,5)       10
(2214,5)        1
(2217,5)        1
(2219,5)        3
(2229,5)        1
(2259,5)        4
(2264,5)        3
(2338,5)        4
(2410,5)        3
(2415,5)        3
(2459,5)        1
(2460,5)        1
(2461,5)        1
(2462,5)        1
(2463,5)        1
(2465,5)        1
(2466,5)        1
(2467,5)        1
(2471,5)        3
(2473,5)        1
(2474,5)        1
(2475,5)        1
(2476,5)        1
(2477,5)        1
(2478,5)        1
(2479,5)        1
(2480,5)        1
(2481,5)        1
(2482,5)        1
(2483,5)        1
(2484,5)        1
(2485,5)        1
(2486,5)        1
(2487,5)        1
(2488,5)        1
(2490,5)        1
(2491,5)        1
(2492,5)        1
(2493,5)        1
(2494,5)        1
(2495,5)        1
(2496,5)        1
(2497,5)        1
(2498,5)        1
(2499,5)        1
(2500,5)        1
(2501,5)        1
(2502,5)        1
(2503,5)        1
(2504,5)        1
(2505,5)        1
(2506,5)        1
(2507,5)        1
(2508,5)        1
(2509,5)        1
(2510,5)        1
(2511,5)        1
(2512,5)        1
(2513,5)        1
(2514,5)        1
(2515,5)        1
(2516,5)        1
(2517,5)        1
(2518,5)        1
(2519,5)        1
(2520,5)        1
(2521,5)        1
(2522,5)        1
(2523,5)        1
(2524,5)        1
(2525,5)        1
(2526,5)        1
(2527,5)        1
(2528,5)        1
(2529,5)        1
(2530,5)        1
(2531,5)        1
(2532,5)        1
(2533,5)        1
(2534,5)        1
(2535,5)        1
(2733,5)        3
(2759,5)        3
(2770,5)        6
(2771,5)        4
  (28,7)        2
  (70,7)        1
  (84,7)        3
 (141,7)        1
 (160,7)        5
 (201,7)        1
 (254,7)        1
 (257,7)        1
 (260,7)        2
 (268,7)        1
 (270,7)        3
 (298,7)        1
 (302,7)        1
 (315,7)        1
 (324,7)        1
 (326,7)        2
 (351,7)        1
 (352,7)        1
 (360,7)        2
 (441,7)        5
 (442,7)        1
 (465,7)        1
 (479,7)        1
 (488,7)        1
 (491,7)        1
 (606,7)        1
 (613,7)        1
 (615,7)        1
 (622,7)        1
 (629,7)        1
 (633,7)        1
 (636,7)        4
 (681,7)        1
 (688,7)        1
 (692,7)        1
 (709,7)        1
 (718,7)        3
 (720,7)        1
 (722,7)        1
 (726,7)        2
 (765,7)        2
 (766,7)        2
 (773,7)        2
 (800,7)        1
 (810,7)        1
 (811,7)        2
 (880,7)        1
 (891,7)        1
 (895,7)        1
 (901,7)        2
 (905,7)        1
 (989,7)        1
(1020,7)        1
(1054,7)        1
(1128,7)        1
(1138,7)        1
(1139,7)        1
(1145,7)        1
(1147,7)        1
(1155,7)        1
(1159,7)        1
(1161,7)        1
(1162,7)        1
(1166,7)        1
(1167,7)        1
(1172,7)        2
(1176,7)        1
(1180,7)        1
(1187,7)        1
(1188,7)        1
(1215,7)        1
(1218,7)        1
(1335,7)        2
(1345,7)        1
(1387,7)        1
(1388,7)        1
(1391,7)        1
(1427,7)        1
(1428,7)        1
(1436,7)        1
(1442,7)        1
(1457,7)        1
(1509,7)        1
(1528,7)        1
(1532,7)        2
(1540,7)        1
(1543,7)        1
(1588,7)        1
(1706,7)        1
(1758,7)        2
(1765,7)        1
(1782,7)        1
(1783,7)        1
(1787,7)        1
(1839,7)        1
(1840,7)        1
(1870,7)        4
(1873,7)        1
(1913,7)        1
(1947,7)        2
(1952,7)        1
(2017,7)        1
(2018,7)        1
(2019,7)        1
(2020,7)        1
(2021,7)        1
(2022,7)        2
(2023,7)        1
(2024,7)        1
(2025,7)        2
(2026,7)        1
(2027,7)        1
(2028,7)        1
(2029,7)        1
(2030,7)        1
(2031,7)        2
(2032,7)        1
(2033,7)        1
(2034,7)        3
(2035,7)        1
(2036,7)        1
(2037,7)        1
(2038,7)        1
(2039,7)        2
(2040,7)        1
(2041,7)        6
(2042,7)        1
(2043,7)        1
(2044,7)        1
(2045,7)        2
(2046,7)        1
(2047,7)        2
(2057,7)        2
(2068,7)        1
(2131,7)        1
(2133,7)        1
(2163,7)        2
(2214,7)        1
(2217,7)        1
(2219,7)        1
(2229,7)        1
(2259,7)        2
(2264,7)        1
(2338,7)        2
(2410,7)        1
(2415,7)        1
(2459,7)        1
(2460,7)        1
(2461,7)        1
(2462,7)        1
(2463,7)        1
(2465,7)        1
(2466,7)        1
(2467,7)        1
(2471,7)        1
(2473,7)        1
(2474,7)        1
(2475,7)        1
(2476,7)        1
(2477,7)        1
(2478,7)        1
(2479,7)        1
(2480,7)        1
(2481,7)        1
(2482,7)        1
(2483,7)        1
(2484,7)        1
(2485,7)        1
(2486,7)        1
(2487,7)        1
(2488,7)        1
(2490,7)        1
(2491,7)        1
(2492,7)        1
(2493,7)        1
(2494,7)        1
(2495,7)        1
(2496,7)        1
(2497,7)        1
(2498,7)        1
(2499,7)        1
(2500,7)        1
(2501,7)        1
(2502,7)        1
(2503,7)        1
(2504,7)        1
(2505,7)        1
(2506,7)        1
(2507,7)        1
(2508,7)        1
(2509,7)        1
(2510,7)        1
(2511,7)        1
(2512,7)        1
(2513,7)        1
(2514,7)        1
(2515,7)        1
(2516,7)        1
(2517,7)        1
(2518,7)        1
(2519,7)        1
(2520,7)        1
(2521,7)        1
(2522,7)        1
(2523,7)        1
(2524,7)        1
(2525,7)        1
(2526,7)        1
(2527,7)        1
(2528,7)        1
(2529,7)        1
(2530,7)        1
(2531,7)        1
(2532,7)        1
(2533,7)        1
(2534,7)        1
(2535,7)        1
(2733,7)        1
(2759,7)        1
(2770,7)        3
(2771,7)        2
 (140,8)        1
 (200,9)        1
 (504,9)        1
 (521,9)        1
 (530,9)        1
 (540,9)        1
 (745,9)        1
(1226,9)        1
(1616,9)        1
(1679,9)        1
(2108,9)        1
(2109,9)        1
  (84,10)       1
 (160,10)       2
 (201,10)       1
 (302,10)       1
 (326,10)       1
 (351,10)       1
 (352,10)       2
 (360,10)       1
 (441,10)       1
 (442,10)       1
 (479,10)       1
 (488,10)       1
 (491,10)       1
 (606,10)       1
 (629,10)       1
 (636,10)       1
 (688,10)       1
 (692,10)       1
 (709,10)       1
 (722,10)       1
 (800,10)       1
 (811,10)       2
 (880,10)       1
 (891,10)       1
 (895,10)       1
 (905,10)       1
(1020,10)       1
(1054,10)       1
(1161,10)       1
(1176,10)       1
(1180,10)       1
(1187,10)       1
(1188,10)       1
(1215,10)       1
(1218,10)       1
(1335,10)       1
(1387,10)       1
(1388,10)       1
(1391,10)       1
(1427,10)       1
(1428,10)       1
(1436,10)       1
(1442,10)       1
(1457,10)       1
(1509,10)       1
(1528,10)       1
(1540,10)       1
(1543,10)       1
(1706,10)       1
(1758,10)       1
(1870,10)       1
(1947,10)       1
(1952,10)       1
(2017,10)       1
(2018,10)       1
(2019,10)       1
(2020,10)       1
(2021,10)       1
(2022,10)       2
(2023,10)       1
(2024,10)       1
(2025,10)       2
(2026,10)       1
(2027,10)       1
(2028,10)       1
(2029,10)       1
(2030,10)       1
(2031,10)       2
(2032,10)       1
(2033,10)       1
(2034,10)       2
(2035,10)       1
(2036,10)       1
(2037,10)       1
(2038,10)       1
(2039,10)       2
(2040,10)       1
(2041,10)       2
(2042,10)       1
(2043,10)       1
(2044,10)       1
(2045,10)       2
(2046,10)       1
(2047,10)       2
(2057,10)       1
(2131,10)       1
(2133,10)       1
(2163,10)       2
(2219,10)       1
(2259,10)       1
(2264,10)       1
(2338,10)       1
(2410,10)       1
(2415,10)       1
(2471,10)       1
(2733,10)       1
(2759,10)       1
(2770,10)       2
(2771,10)       1
 (160,11)       1
 (351,11)       1
 (352,11)       1
 (441,11)       1
 (811,11)       1
 (891,11)       1
(1870,11)       1
(2017,11)       1
(2018,11)       1
(2019,11)       1
(2020,11)       1
(2021,11)       1
(2022,11)       1
(2023,11)       1
(2024,11)       1
(2025,11)       1
(2026,11)       1
(2027,11)       1
(2028,11)       1
(2029,11)       1
(2030,11)       1
(2031,11)       1
(2032,11)       1
(2033,11)       1
(2034,11)       1
(2035,11)       1
(2036,11)       1
(2037,11)       1
(2038,11)       1
(2039,11)       1
(2040,11)       1
(2041,11)       1
(2042,11)       1
(2043,11)       1
(2044,11)       1
(2045,11)       1
(2046,11)       1
(2047,11)       1
(2163,11)       1
(1787,12)       1
(1840,12)       1
(2041,12)       2
  (84,13)       2
 (160,13)       2
 (201,13)       1
 (286,13)       1
 (302,13)       1
 (315,13)       1
 (326,13)       1
 (343,13)       1
 (351,13)       1
 (352,13)       2
 (360,13)       1
 (382,13)       1
 (384,13)       1
 (441,13)       1
 (442,13)       1
 (479,13)       1
 (488,13)       1
 (491,13)       1
 (597,13)       1
 (606,13)       1
 (629,13)       1
 (636,13)       1
 (639,13)       1
 (640,13)       1
 (641,13)       1
 (642,13)       1
 (643,13)       1
 (645,13)       1
 (646,13)       1
 (647,13)       1
 (648,13)       1
 (649,13)       1
 (650,13)       1
 (651,13)       1
 (652,13)       1
 (653,13)       1
 (655,13)       1
 (656,13)       1
 (657,13)       1
 (658,13)       1
 (688,13)       1
 (692,13)       1
 (709,13)       1
 (722,13)       1
 (800,13)       1
 (811,13)       2
 (880,13)       1
 (891,13)       1
 (895,13)       1
 (905,13)       1
(1020,13)       1
(1054,13)       1
(1161,13)       1
(1176,13)       1
(1180,13)       1
(1187,13)       1
(1188,13)       1
(1215,13)       1
(1218,13)       1
(1335,13)       1
(1387,13)       1
(1388,13)       1
(1391,13)       1
(1427,13)       1
(1428,13)       1
(1436,13)       1
(1442,13)       1
(1457,13)       1
(1509,13)       1
(1528,13)       1
(1540,13)       1
(1543,13)       1
(1706,13)       1
(1758,13)       1
(1870,13)       1
(1920,13)       1
(1947,13)       1
(1952,13)       1
(2017,13)       1
(2018,13)       1
(2019,13)       1
(2020,13)       1
(2021,13)       1
(2022,13)       2
(2023,13)       1
(2024,13)       1
(2025,13)       2
(2026,13)       1
(2027,13)       1
(2028,13)       1
(2029,13)       1
(2030,13)       1
(2031,13)       2
(2032,13)       1
(2033,13)       1
(2034,13)       2
(2035,13)       1
(2036,13)       1
(2037,13)       1
(2038,13)       1
(2039,13)       2
(2040,13)       1
(2041,13)       2
(2042,13)       1
(2043,13)       1
(2044,13)       1
(2045,13)       2
(2046,13)       1
(2047,13)       2
(2057,13)       1
(2131,13)       1
(2133,13)       1
(2163,13)       2
(2219,13)       1
(2259,13)       1
(2264,13)       1
(2338,13)       1
(2410,13)       1
(2415,13)       1
(2471,13)       1
(2723,13)       1
(2733,13)       1
(2759,13)       1
(2770,13)       2
(2771,13)       1
 (257,14)       1
 (681,14)       1
(1765,14)       1
(1782,14)       1
(1783,14)       1
  (45,17)       1
 (255,17)       1
 (448,17)       1
 (613,17)       1
(1873,17)       1
 (141,18)       1
 (203,18)       1
 (611,18)       1
(2459,18)       1
(2460,18)       1
(2463,18)       1
(2465,18)       1
(2467,18)       1
(2473,18)       1
(2477,18)       1
(2488,18)       1
  (84,19)       1
 (160,19)       1
 (201,19)       1
 (302,19)       1
 (326,19)       1
 (352,19)       1
 (360,19)       1
 (442,19)       1
 (479,19)       1
 (488,19)       1
 (491,19)       1
 (606,19)       1
 (629,19)       1
 (636,19)       1
 (688,19)       1
 (692,19)       1
 (709,19)       1
 (722,19)       1
 (800,19)       1
 (811,19)       1
 (880,19)       1
 (895,19)       1
 (905,19)       1
(1020,19)       1
(1054,19)       1
(1161,19)       1
(1176,19)       1
(1180,19)       1
(1187,19)       1
(1188,19)       1
(1215,19)       1
(1218,19)       1
(1335,19)       1
(1387,19)       1
(1388,19)       1
(1391,19)       1
(1427,19)       1
(1428,19)       1
(1436,19)       1
(1442,19)       1
(1457,19)       1
(1509,19)       1
(1528,19)       1
(1540,19)       1
(1543,19)       1
(1706,19)       1
(1758,19)       1
(1947,19)       1
(1952,19)       1
(2022,19)       1
(2025,19)       1
(2031,19)       1
(2034,19)       1
(2039,19)       1
(2041,19)       1
(2045,19)       1
(2047,19)       1
(2057,19)       1
(2131,19)       1
(2133,19)       1
(2163,19)       1
(2219,19)       1
(2259,19)       1
(2264,19)       1
(2338,19)       1
(2410,19)       1
(2415,19)       1
(2471,19)       1
(2733,19)       1
(2759,19)       1
(2770,19)       2
(2771,19)       1
  (91,20)       1
  (45,21)       2
  (70,21)       1
 (255,21)       2
 (257,21)       1
 (259,21)       1
 (270,21)       1
 (448,21)       1
 (458,21)       1
 (465,21)       1
 (613,21)       2
 (636,21)       1
 (681,21)       1
 (718,21)       1
 (722,21)       1
 (765,21)       3
 (766,21)       4
 (767,21)       1
 (773,21)       3
(1488,21)       1
(1668,21)       1
(1685,21)       1
(1765,21)       1
(1782,21)       1
(1783,21)       1
(1787,21)       3
(1788,21)       1
(1873,21)       1
(2041,21)       3
 (130,22)       1
 (203,22)       2
 (530,22)       1
 (745,22)       1
 (765,22)       1
 (766,22)       1
 (773,22)       1
(2109,22)       1
(2373,22)       1
  (84,23)       1
 (160,23)       1
 (201,23)       1
 (302,23)       1
 (326,23)       1
 (352,23)       1
 (360,23)       1
 (442,23)       1
 (479,23)       1
 (488,23)       1
 (491,23)       1
 (606,23)       1
 (629,23)       1
 (636,23)       1
 (688,23)       1
 (692,23)       1
 (709,23)       1
 (722,23)       1
 (800,23)       1
 (811,23)       1
 (880,23)       1
 (895,23)       1
 (905,23)       1
(1020,23)       1
(1054,23)       1
(1161,23)       1
(1176,23)       1
(1180,23)       1
(1187,23)       1
(1188,23)       1
(1215,23)       1
(1218,23)       1
(1335,23)       1
(1387,23)       1
(1388,23)       1
(1391,23)       1
(1427,23)       1
(1428,23)       1
(1436,23)       1
(1442,23)       1
(1457,23)       1
(1509,23)       1
(1528,23)       1
(1540,23)       1
(1543,23)       1
(1706,23)       1
(1758,23)       1
(1947,23)       1
(1952,23)       1
(2022,23)       1
(2025,23)       1
(2031,23)       1
(2034,23)       1
(2039,23)       1
(2041,23)       1
(2045,23)       1
(2047,23)       1
(2057,23)       1
(2131,23)       1
(2133,23)       1
(2163,23)       1
(2219,23)       1
(2259,23)       1
(2264,23)       1
(2338,23)       1
(2410,23)       1
(2415,23)       1
(2471,23)       1
(2733,23)       1
(2759,23)       1
(2770,23)       2
(2771,23)       1
 (160,24)       9
 (351,24)       9
 (352,24)       9
 (441,24)       9
 (811,24)       9
 (891,24)       9
(1870,24)       9
(2017,24)       9
(2018,24)       9
(2019,24)       9
(2020,24)       9
(2021,24)       9
(2022,24)       9
(2023,24)       9
(2024,24)       9
(2025,24)       9
(2026,24)       9
(2027,24)       9
(2028,24)       9
(2029,24)       9
(2030,24)       9
(2031,24)       9
(2032,24)       9
(2033,24)       9
(2034,24)       9
(2035,24)       9
(2036,24)       9
(2037,24)       9
(2038,24)       9
(2039,24)       9
(2040,24)       9
(2041,24)       9
(2042,24)       9
(2043,24)       9
(2044,24)       9
(2045,24)       9
(2046,24)       9
(2047,24)       9
(2163,24)       9
  (84,29)       1
 (160,29)       1
 (201,29)       1
 (302,29)       1
 (326,29)       1
 (352,29)       1
 (360,29)       1
 (442,29)       1
 (479,29)       1
 (488,29)       1
 (491,29)       1
 (606,29)       1
 (629,29)       1
 (636,29)       1
 (688,29)       1
 (692,29)       1
 (709,29)       1
 (722,29)       1
 (800,29)       1
 (811,29)       1
 (880,29)       1
 (895,29)       1
 (905,29)       1
(1020,29)       1
(1054,29)       1
(1161,29)       1
(1176,29)       1
(1180,29)       1
(1187,29)       1
(1188,29)       1
(1215,29)       1
(1218,29)       1
(1335,29)       1
(1387,29)       1
(1388,29)       1
(1391,29)       1
(1427,29)       1
(1428,29)       1
(1436,29)       1
(1442,29)       1
(1457,29)       1
(1509,29)       1
(1528,29)       1
(1540,29)       1
(1543,29)       1
(1706,29)       1
(1758,29)       1
(1947,29)       1
(1952,29)       1
(2022,29)       1
(2025,29)       1
(2031,29)       1
(2034,29)       1
(2039,29)       1
(2041,29)       1
(2045,29)       1
(2047,29)       1
(2057,29)       1
(2131,29)       1
(2133,29)       1
(2163,29)       1
(2219,29)       1
(2259,29)       1
(2264,29)       1
(2338,29)       1
(2410,29)       1
(2415,29)       1
(2471,29)       1
(2733,29)       1
(2759,29)       1
(2770,29)       2
(2771,29)       1
(1190,30)       1
(1206,30)       1
(1207,30)       1
(1206,32)       1
(1207,32)       1
(1223,32)       1
(1224,32)       1
(1226,32)       1
(1227,32)       1
(1681,32)       1
  (70,33)       1
 (107,33)       2
 (265,33)       2
 (448,33)       1
 (469,33)       1
 (674,33)       2
 (730,33)       1
 (767,33)       1
 (773,33)       1
(1228,33)       3
(1241,33)       1
(1252,33)       4
(1257,33)       4
(1285,33)       3
(1287,33)       3
(1288,33)       3
(1289,33)       3
(1293,33)       3
(1294,33)       3
(1295,33)       3
(1296,33)       3
(1297,33)       3
(1304,33)       3
(1305,33)       3
(1306,33)       3
(1307,33)       3
(1308,33)       3
(1309,33)       3
(1310,33)       3
(1312,33)       3
(1318,33)       3
(1322,33)       3
(1323,33)       3
(2200,33)       5
(2204,33)       1
  (34,34)       1
 (240,34)       1
 (257,34)       1
 (260,34)       1
 (298,34)       1
 (476,34)       1
 (672,34)       1
 (676,34)       1
 (681,34)       1
 (726,34)       1
(1325,34)       1
(1328,34)       1
(1329,34)       1
(1331,34)       1
(1332,34)       1
(1333,34)       1
(1335,34)       1
(1336,34)       1
(1337,34)       1
(1338,34)       1
(1340,34)       1
(1341,34)       1
(1342,34)       1
(1343,34)       1
(1344,34)       1
(1347,34)       1
(1765,34)       1
(1782,34)       1
(1783,34)       1
(2041,34)       1
 (123,37)       2
 (910,37)       1
(1371,37)       2
(1373,37)       2
(1377,37)       2
(2298,37)       1
 (130,38)       1
 (745,38)       1
(1384,38)       1
 (745,39)       1
(2235,39)       4
(2236,39)       4
(2237,39)       4
(2238,39)       4
(2239,39)       4
(2240,39)       4
(2250,39)       4
(2252,39)       4
 (125,41)       1
 (270,41)       1
 (636,41)       1
 (718,41)       1
 (765,41)       1
 (766,41)       1
 (773,41)       1
(1186,41)       1
(1654,41)       1
(2041,41)       1
(2311,41)       1
(2312,41)       1
(2316,41)       1
(2318,41)       1
(2319,41)       1
(2320,41)       1
(2321,41)       1
(2322,41)       1
(2323,41)       1
(2324,41)       1
(2327,41)       1
(2109,43)       1
 (257,47)       2
 (681,47)       2
(1765,47)       2
(1782,47)       2
(1783,47)       2
 (613,48)       1
(1190,48)       1
(1206,48)       1
(1207,48)       1
(1335,48)       1
(1520,48)       1
(1758,48)       1
(2031,48)       1
(2041,48)       1
(2771,48)       1
(1840,49)       1
(2041,49)       3
 (240,50)       1
 (260,50)       1
 (298,50)       1
 (476,50)       1
 (672,50)       1
 (676,50)       1
 (726,50)       1
(1325,50)       1
(1328,50)       1
(1329,50)       1
(1331,50)       1
(1332,50)       1
(1335,50)       1
(1336,50)       1
(1337,50)       1
(1338,50)       1
(1340,50)       1
(1341,50)       1
(1342,50)       1
(1343,50)       1
(1344,50)       1
(1347,50)       1
  (91,56)       1
  (91,58)       1
 (113,58)       7
 (203,58)       1
 (530,58)       1
 (745,58)       1
(2234,58)       4
(2241,58)       3
(2249,58)       3
(2251,58)       3
(2373,58)       1
  (70,60)       1
  (84,61)       1
 (160,61)       1
 (201,61)       1
 (302,61)       1
 (326,61)       1
 (352,61)       1
 (360,61)       1
 (442,61)       1
 (479,61)       1
 (488,61)       1
 (491,61)       1
 (606,61)       1
 (629,61)       1
 (636,61)       1
 (688,61)       1
 (692,61)       1
 (709,61)       1
 (722,61)       1
 (800,61)       1
 (811,61)       1
 (880,61)       1
 (895,61)       1
 (905,61)       1
(1020,61)       1
(1054,61)       1
(1161,61)       1
(1176,61)       1
(1180,61)       1
(1187,61)       1
(1188,61)       1
(1215,61)       1
(1218,61)       1
(1335,61)       1
(1387,61)       1
(1388,61)       1
(1391,61)       1
(1427,61)       1
(1428,61)       1
(1436,61)       1
(1442,61)       1
(1457,61)       1
(1509,61)       1
(1528,61)       1
(1540,61)       1
(1543,61)       1
(1706,61)       1
(1758,61)       1
(1947,61)       1
(1952,61)       1
(2022,61)       1
(2025,61)       1
(2031,61)       1
(2034,61)       1
(2039,61)       1
(2041,61)       1
(2045,61)       1
(2047,61)       1
(2057,61)       1
(2131,61)       1
(2133,61)       1
(2163,61)       1
(2219,61)       1
(2259,61)       1
(2264,61)       1
(2338,61)       1
(2410,61)       1
(2415,61)       1
(2471,61)       1
(2733,61)       1
(2759,61)       1
(2770,61)       2
(2771,61)       1
 (236,63)       1
 (530,63)       1
 (745,63)       1
(1670,63)       1
 (203,65)       1
 (512,65)       1
 (778,65)       1
(2365,65)       1
  (66,66)       1
  (76,66)       1
 (680,66)       1
(1787,66)       1
(2041,66)       1
(2342,66)       1
 (257,70)       1
 (681,70)       1
(1765,70)       1
(1782,70)       1
(1783,70)       1
 (141,78)       9
(1127,78)       1
(1128,78)       1
(1129,78)       1
(1131,78)       1
(1132,78)       1
(1133,78)       1
(1134,78)       1
(1135,78)       1
(1136,78)       1
(1137,78)       1
(1139,78)       1
(1140,78)       1
(1141,78)       1
(1142,78)       1
(1143,78)       1
(1144,78)       1
(1145,78)       1
(1146,78)       1
(1147,78)       1
(1148,78)       1
(1149,78)       1
(1150,78)       1
(1151,78)       1
(1152,78)       1
(1153,78)       1
(1155,78)       1
(1156,78)       1
(1158,78)       1
(1159,78)       1
(1160,78)       1
(1161,78)       1
(1162,78)       1
(1163,78)       1
(1164,78)       1
(1165,78)       1
(1166,78)       1
(1167,78)       1
(1168,78)       1
(1169,78)       1
(1171,78)       1
(1172,78)       1
(1680,78)       1
(2459,78)       9
(2460,78)       9
(2461,78)       1
(2462,78)       2
(2463,78)      10
(2465,78)       9
(2467,78)       9
(2473,78)       9
(2476,78)      17
(2477,78)       9
(2479,78)      15
(2480,78)      11
(2481,78)      15
(2482,78)      14
(2484,78)       4
(2485,78)       8
(2486,78)       1
(2487,78)      15
(2488,78)       9
(2490,78)       3
(2491,78)       3
(2492,78)       3
(2493,78)       3
(2494,78)       3
(2495,78)       3
(2496,78)      17
(2497,78)      21
(2498,78)      17
(2499,78)      17
(2500,78)      17
(2501,78)      17
(2502,78)      17
(2503,78)      17
(2504,78)       3
(2505,78)       3
(2506,78)       3
(2507,78)       3
(2509,78)       3
(2510,78)      17
(2511,78)      17
(2512,78)      17
(2513,78)      17
(2514,78)       3
(2515,78)       3
(2517,78)       2
(2518,78)       2
(2519,78)       3
(2521,78)       3
(2522,78)       3
(2523,78)       3
(2524,78)      17
(2525,78)      18
(2526,78)      17
(2527,78)      18
(2528,78)      17
(2529,78)      17
(2530,78)      16
(2532,78)       3
(2533,78)       3
(2535,78)       3
  (84,82)       1
 (160,82)       1
 (201,82)       1
 (302,82)       1
 (326,82)       1
 (352,82)       1
 (360,82)       1
 (442,82)       1
 (479,82)       1
 (488,82)       1
 (491,82)       1
 (606,82)       1
 (629,82)       1
 (636,82)       1
 (688,82)       1
 (692,82)       1
 (709,82)       1
 (722,82)       1
 (800,82)       1
 (811,82)       1
 (880,82)       1
 (895,82)       1
 (905,82)       1
(1020,82)       1
(1054,82)       1
(1161,82)       1
(1176,82)       1
(1180,82)       1
(1187,82)       1
(1188,82)       1
(1215,82)       1
(1218,82)       1
(1335,82)       1
(1387,82)       1
(1388,82)       1
(1391,82)       1
(1427,82)       1
(1428,82)       1
(1436,82)       1
(1442,82)       1
(1457,82)       1
(1509,82)       1
(1528,82)       1
(1540,82)       1
(1543,82)       1
(1706,82)       1
(1758,82)       1
(1947,82)       1
(1952,82)       1
(2022,82)       1
(2025,82)       1
(2031,82)       1
(2034,82)       1
(2039,82)       1
(2041,82)       1
(2045,82)       1
(2047,82)       1
(2057,82)       1
(2131,82)       1
(2133,82)       1
(2163,82)       1
(2219,82)       1
(2259,82)       1
(2264,82)       1
(2338,82)       1
(2410,82)       1
(2415,82)       1
(2471,82)       1
(2733,82)       1
(2759,82)       1
(2770,82)       2
(2771,82)       1
  (28,84)       2
  (84,84)       2
 (141,84)       1
 (160,84)       4
 (254,84)       1
 (260,84)       2
 (268,84)       1
 (270,84)       2
 (298,84)       1
 (315,84)       1
 (324,84)       1
 (326,84)       1
 (351,84)       1
 (352,84)       1
 (360,84)       1
 (441,84)       5
 (613,84)       1
 (615,84)       1
 (622,84)       1
 (633,84)       1
 (636,84)       2
 (718,84)       2
 (720,84)       1
 (722,84)       1
 (726,84)       2
 (810,84)       1
 (811,84)       1
 (891,84)       1
 (901,84)       2
 (989,84)       1
(1128,84)       1
(1138,84)       1
(1139,84)       1
(1145,84)       1
(1147,84)       1
(1155,84)       1
(1159,84)       1
(1162,84)       1
(1166,84)       1
(1167,84)       1
(1172,84)       2
(1335,84)       1
(1345,84)       1
(1532,84)       2
(1543,84)       1
(1758,84)       1
(1839,84)       1
(1840,84)       1
(1870,84)       3
(1873,84)       1
(1913,84)       1
(1947,84)       1
(2017,84)       1
(2018,84)       1
(2019,84)       1
(2020,84)       1
(2021,84)       1
(2022,84)       1
(2023,84)       1
(2024,84)       1
(2025,84)       1
(2026,84)       1
(2027,84)       1
(2028,84)       1
(2029,84)       1
(2030,84)       1
(2031,84)       1
(2032,84)       1
(2033,84)       1
(2034,84)       2
(2035,84)       1
(2036,84)       1
(2037,84)       1
(2038,84)       1
(2039,84)       1
(2040,84)       1
(2041,84)       3
(2042,84)       1
(2043,84)       1
(2044,84)       1
(2045,84)       1
(2046,84)       1
(2047,84)       1
(2057,84)       1
(2068,84)       1
(2163,84)       1
(2214,84)       1
(2217,84)       1
(2259,84)       1
(2338,84)       1
(2459,84)       1
(2460,84)       1
(2461,84)       1
(2462,84)       1
(2463,84)       1
(2465,84)       1
(2466,84)       1
(2467,84)       1
(2473,84)       1
(2474,84)       1
(2475,84)       1
(2476,84)       1
(2477,84)       1
(2478,84)       1
(2479,84)       1
(2480,84)       1
(2481,84)       1
(2482,84)       1
(2483,84)       1
(2484,84)       1
(2485,84)       1
(2486,84)       1
(2487,84)       1
(2488,84)       1
(2490,84)       1
(2491,84)       1
(2492,84)       1
(2493,84)       1
(2494,84)       1
(2495,84)       1
(2496,84)       1
(2497,84)       1
(2498,84)       1
(2499,84)       1
(2500,84)       1
(2501,84)       1
(2502,84)       1
(2503,84)       1
(2504,84)       1
(2505,84)       1
(2506,84)       1
(2507,84)       1
(2508,84)       1
(2509,84)       1
(2510,84)       1
(2511,84)       1
(2512,84)       1
(2513,84)       1
(2514,84)       1
(2515,84)       1
(2516,84)       1
(2517,84)       1
(2518,84)       1
(2519,84)       1
(2520,84)       1
(2521,84)       1
(2522,84)       1
(2523,84)       1
(2524,84)       1
(2525,84)       1
(2526,84)       1
(2527,84)       1
(2528,84)       1
(2529,84)       1
(2530,84)       1
(2531,84)       1
(2532,84)       1
(2533,84)       1
(2534,84)       1
(2535,84)       1
(2770,84)       1
(2771,84)       1
 (203,86)       1
(2109,86)       1
  (70,88)       4
  (84,88)       8
 (160,88)       4
 (201,88)       2
 (240,88)       1
 (254,88)       1
 (255,88)       1
 (257,88)       2
 (260,88)       1
 (268,88)       1
 (270,88)       2
 (286,88)       2
 (298,88)       1
 (302,88)       2
 (315,88)       2
 (324,88)       1
 (326,88)       5
 (343,88)       2
 (344,88)       1
 (351,88)       1
 (352,88)       3
 (360,88)       2
 (382,88)       1
 (384,88)       2
 (441,88)       3
 (442,88)       2
 (449,88)       1
 (451,88)       1
 (465,88)       1
 (467,88)       1
 (476,88)       1
 (479,88)       2
 (488,88)       2
 (491,88)       2
 (597,88)       2
 (606,88)       2
 (613,88)       1
 (615,88)       1
 (622,88)       1
 (629,88)       2
 (636,88)       4
 (639,88)       1
 (640,88)       1
 (641,88)       1
 (642,88)       1
 (643,88)       1
 (645,88)       1
 (646,88)       1
 (647,88)       1
 (648,88)       2
 (649,88)       2
 (650,88)       2
 (651,88)       1
 (652,88)       1
 (653,88)       1
 (655,88)       1
 (656,88)       2
 (657,88)       1
 (658,88)       1
 (667,88)       1
 (668,88)       1
 (669,88)       1
 (672,88)       2
 (673,88)       1
 (674,88)       1
 (675,88)       1
 (676,88)       1
 (677,88)       1
 (680,88)       1
 (681,88)       4
 (688,88)       2
 (692,88)       2
 (709,88)       2
 (718,88)       2
 (720,88)       1
 (722,88)       2
 (726,88)       1
 (743,88)       1
 (773,88)       2
 (798,88)       1
 (800,88)       2
 (810,88)       1
 (811,88)       3
 (880,88)       2
 (891,88)       1
 (895,88)       2
 (905,88)       2
(1020,88)       2
(1054,88)       2
(1161,88)       2
(1176,88)       2
(1180,88)       2
(1187,88)       2
(1188,88)       2
(1215,88)       2
(1218,88)       2
(1335,88)       3
(1345,88)       1
(1387,88)       2
(1388,88)       2
(1391,88)       2
(1427,88)       2
(1428,88)       2
(1436,88)       2
(1442,88)       2
(1457,88)       2
(1509,88)       2
(1528,88)       2
(1532,88)       1
(1540,88)       2
(1543,88)       1
(1557,88)       1
(1565,88)       1
(1650,88)       1
(1706,88)       2
(1758,88)       2
(1765,88)       1
(1782,88)       1
(1783,88)       1
(1870,88)       2
(1873,88)       1
(1875,88)       1
(1913,88)       1
(1920,88)       1
(1923,88)       1
(1947,88)       3
(1952,88)       2
(2017,88)       1
(2018,88)       1
(2019,88)       1
(2020,88)       1
(2021,88)       1
(2022,88)       3
(2023,88)       1
(2024,88)       1
(2025,88)       3
(2026,88)       1
(2027,88)       1
(2028,88)       1
(2029,88)       1
(2030,88)       1
(2031,88)       4
(2032,88)       1
(2033,88)       1
(2034,88)       3
(2035,88)       1
(2036,88)       1
(2037,88)       1
(2038,88)       1
(2039,88)       3
(2040,88)       1
(2041,88)       5
(2042,88)       1
(2043,88)       1
(2044,88)       1
(2045,88)       3
(2046,88)       1
(2047,88)       3
(2057,88)       2
(2068,88)       1
(2131,88)       2
(2133,88)       2
(2163,88)       3
(2217,88)       1
(2219,88)       2
(2259,88)       2
(2264,88)       2
(2338,88)       3
(2410,88)       2
(2415,88)       2
(2471,88)       2
(2719,88)       1
(2723,88)       1
(2733,88)       2
(2759,88)       2
(2770,88)       5
(2771,88)       3
  (28,90)       2
  (84,90)       2
 (141,90)       1
 (160,90)       4
 (254,90)       1
 (260,90)       2
 (268,90)       1
 (270,90)       1
 (298,90)       1
 (315,90)       1
 (324,90)       1
 (326,90)       1
 (351,90)       1
 (352,90)       1
 (360,90)       1
 (441,90)       5
 (613,90)       1
 (615,90)       1
 (622,90)       1
 (633,90)       1
 (636,90)       1
 (718,90)       1
 (720,90)       1
 (722,90)       1
 (726,90)       2
 (810,90)       1
 (811,90)       1
 (891,90)       1
 (901,90)       2
 (989,90)       1
(1128,90)       1
(1138,90)       1
(1139,90)       1
(1145,90)       1
(1147,90)       1
(1155,90)       1
(1159,90)       1
(1162,90)       1
(1166,90)       1
(1167,90)       1
(1172,90)       2
(1335,90)       1
(1345,90)       1
(1532,90)       2
(1543,90)       1
(1758,90)       1
(1839,90)       1
(1840,90)       1
(1870,90)       3
(1873,90)       1
(1913,90)       1
(1947,90)       1
(2017,90)       1
(2018,90)       1
(2019,90)       1
(2020,90)       1
(2021,90)       1
(2022,90)       1
(2023,90)       1
(2024,90)       1
(2025,90)       1
(2026,90)       1
(2027,90)       1
(2028,90)       1
(2029,90)       1
(2030,90)       1
(2031,90)       1
(2032,90)       1
(2033,90)       1
(2034,90)       2
(2035,90)       1
(2036,90)       1
(2037,90)       1
(2038,90)       1
(2039,90)       1
(2040,90)       1
(2041,90)       2
(2042,90)       1
(2043,90)       1
(2044,90)       1
(2045,90)       1
(2046,90)       1
(2047,90)       1
(2057,90)       1
(2068,90)       1
(2163,90)       1
(2214,90)       1
(2217,90)       1
(2259,90)       1
(2338,90)       1
(2459,90)       1
(2460,90)       1
(2461,90)       1
(2462,90)       1
(2463,90)       1
(2465,90)       1
(2466,90)       1
(2467,90)       1
(2473,90)       1
(2474,90)       1
(2475,90)       1
(2476,90)       1
(2477,90)       1
(2478,90)       1
(2479,90)       1
(2480,90)       1
(2481,90)       1
(2482,90)       1
(2483,90)       1
(2484,90)       1
(2485,90)       1
(2486,90)       1
(2487,90)       1
(2488,90)       1
(2490,90)       1
(2491,90)       1
(2492,90)       1
(2493,90)       1
(2494,90)       1
(2495,90)       1
(2496,90)       1
(2497,90)       1
(2498,90)       1
(2499,90)       1
(2500,90)       1
(2501,90)       1
(2502,90)       1
(2503,90)       1
(2504,90)       1
(2505,90)       1
(2506,90)       1
(2507,90)       1
(2508,90)       1
(2509,90)       1
(2510,90)       1
(2511,90)       1
(2512,90)       1
(2513,90)       1
(2514,90)       1
(2515,90)       1
(2516,90)       1
(2517,90)       1
(2518,90)       1
(2519,90)       1
(2520,90)       1
(2521,90)       1
(2522,90)       1
(2523,90)       1
(2524,90)       1
(2525,90)       1
(2526,90)       1
(2527,90)       1
(2528,90)       1
(2529,90)       1
(2530,90)       1
(2531,90)       1
(2532,90)       1
(2533,90)       1
(2534,90)       1
(2535,90)       1
(2770,90)       1
(2771,90)       1
  (91,91)       1
 (260,91)       1
 (270,91)       1
 (608,91)       1
 (613,91)       1
 (633,91)       1
 (636,91)       1
 (718,91)       1
(1335,91)       1
(1353,91)       1
(1520,91)       1
(1540,91)       1
(1588,91)       1
(1758,91)       2
(1780,91)       1
(1839,91)       1
(1840,91)       1
(1870,91)       2
(2031,91)       1
(2041,91)       4
(2229,91)       1
(2771,91)       1
(2119,93)       1
(2120,93)       1
 (203,94)       1
 (778,94)       1
(2121,94)       1
 (203,95)       1
 (113,97)       7
 (141,97)       9
 (745,97)       1
(1680,97)       1
(2234,97)       4
(2235,97)       3
(2236,97)       3
(2237,97)       3
(2238,97)       3
(2239,97)       3
(2240,97)       3
(2241,97)       3
(2249,97)       3
(2250,97)       3
(2251,97)       3
(2252,97)       3
(2459,97)       9
(2460,97)       9
(2461,97)       1
(2462,97)       2
(2463,97)      10
(2465,97)       9
(2467,97)       9
(2473,97)       9
(2476,97)      17
(2477,97)       9
(2479,97)      15
(2480,97)      11
(2481,97)      15
(2482,97)      14
(2484,97)       4
(2485,97)       8
(2486,97)       1
(2487,97)      15
(2488,97)       9
(2490,97)       3
(2491,97)       3
(2492,97)       3
(2493,97)       3
(2494,97)       3
(2495,97)       3
(2496,97)      17
(2497,97)      21
(2498,97)      17
(2499,97)      17
(2500,97)      17
(2501,97)      17
(2502,97)      17
(2503,97)      17
(2504,97)       3
(2505,97)       3
(2506,97)       3
(2507,97)       3
(2509,97)       3
(2510,97)      17
(2511,97)      17
(2512,97)      17
(2513,97)      17
(2514,97)       3
(2515,97)       3
(2517,97)       2
(2518,97)       2
(2519,97)       3
(2521,97)       3
(2522,97)       3
(2523,97)       3
(2524,97)      17
(2525,97)      18
(2526,97)      17
(2527,97)      18
(2528,97)      17
(2529,97)      17
(2530,97)      16
(2532,97)       3
(2533,97)       3
(2535,97)       3
(2536,97)       1
(1127,98)       1
(1128,98)       1
(1129,98)       1
(1131,98)       1
(1132,98)       1
(1133,98)       1
(1134,98)       1
(1135,98)       1
(1136,98)       1
(1137,98)       1
(1139,98)       1
(1140,98)       1
(1141,98)       1
(1142,98)       1
(1143,98)       1
(1144,98)       1
(1145,98)       1
(1146,98)       1
(1147,98)       1
(1148,98)       1
(1149,98)       1
(1150,98)       1
(1151,98)       1
(1152,98)       1
(1153,98)       1
(1155,98)       1
(1156,98)       1
(1158,98)       1
(1159,98)       1
(1160,98)       1
(1161,98)       1
(1162,98)       1
(1163,98)       1
(1164,98)       1
(1165,98)       1
(1166,98)       1
(1167,98)       1
(1168,98)       1
(1169,98)       1
(1171,98)       1
(1172,98)       1
 (141,100)      9
 (478,100)      1
 (613,100)      1
 (631,100)      1
 (633,100)      1
 (636,100)      1
 (722,100)      1
 (725,100)      1
 (870,100)      1
 (879,100)      1
 (886,100)      1
 (889,100)      1
 (890,100)      1
 (895,100)      1
 (897,100)      1
 (898,100)      1
 (899,100)      1
 (907,100)      1
 (909,100)      1
(1014,100)      1
(1152,100)      1
(1161,100)      1
(1176,100)      1
(1180,100)      1
(1185,100)      1
(1215,100)      1
(1335,100)      1
(1391,100)      1
(1398,100)      1
(1419,100)      1
(1422,100)      1
(1426,100)      1
(1428,100)      1
(1509,100)      1
(1570,100)      1
(1680,100)      1
(1686,100)      1
(1694,100)      1
(1699,100)      1
(1758,100)      1
(1787,100)      1
(1788,100)      1
(1887,100)      1
(2047,100)      1
(2127,100)      1
(2136,100)      1
(2139,100)      1
(2140,100)      1
(2141,100)      1
(2142,100)      1
(2143,100)      1
(2144,100)      1
(2145,100)      1
(2146,100)      1
(2149,100)      1
(2152,100)      1
(2154,100)      1
(2156,100)      1
(2157,100)      1
(2158,100)      1
(2159,100)      1
(2160,100)      1
(2161,100)      1
(2162,100)      1
(2163,100)      1
(2164,100)      1
(2165,100)      1
(2214,100)      1
(2217,100)      1
(2229,100)      1
(2298,100)      1
(2402,100)      1
(2459,100)      9
(2460,100)      9
(2461,100)      1
(2462,100)      2
(2463,100)     10
(2465,100)      9
(2467,100)      9
(2473,100)      9
(2476,100)     17
(2477,100)      9
(2479,100)     15
(2480,100)     11
(2481,100)     15
(2482,100)     14
(2484,100)      4
(2485,100)      8
(2486,100)      1
(2487,100)     15
(2488,100)      9
(2490,100)      3
(2491,100)      3
(2492,100)      3
(2493,100)      3
(2494,100)      3
(2495,100)      3
(2496,100)     17
(2497,100)     21
(2498,100)     17
(2499,100)     17
(2500,100)     17
(2501,100)     17
(2502,100)     17
(2503,100)     17
(2504,100)      3
(2505,100)      3
(2506,100)      3
(2507,100)      3
(2509,100)      3
(2510,100)     17
(2511,100)     17
(2512,100)     17
(2513,100)     17
(2514,100)      3
(2515,100)      3
(2517,100)      2
(2518,100)      2
(2519,100)      3
(2521,100)      3
(2522,100)      3
(2523,100)      3
(2524,100)     17
(2525,100)     18
(2526,100)     17
(2527,100)     18
(2528,100)     17
(2529,100)     17
(2530,100)     16
(2532,100)      3
(2533,100)      3
(2535,100)      3
  (28,101)      2
 (478,101)     11
 (613,101)     11
 (631,101)     11
 (633,101)     11
 (636,101)     11
 (722,101)     11
 (725,101)     11
 (870,101)     11
 (879,101)     11
 (886,101)     11
 (889,101)     11
 (890,101)     11
 (895,101)     11
 (897,101)     11
 (898,101)     11
 (899,101)     11
 (907,101)     11
 (909,101)     11
 (989,101)      1
(1014,101)     11
(1127,101)      1
(1128,101)      2
(1129,101)      1
(1131,101)      1
(1132,101)      1
(1133,101)      1
(1134,101)      1
(1135,101)      1
(1136,101)      1
(1137,101)      1
(1138,101)      1
(1139,101)      2
(1140,101)      1
(1141,101)      1
(1142,101)      1
(1143,101)      1
(1144,101)      1
(1145,101)      2
(1146,101)      1
(1147,101)      2
(1148,101)      1
(1149,101)      1
(1150,101)      1
(1151,101)      1
(1152,101)     12
(1153,101)      1
(1155,101)      2
(1156,101)      1
(1158,101)      1
(1159,101)      2
(1160,101)      1
(1161,101)     12
(1162,101)      2
(1163,101)      1
(1164,101)      1
(1165,101)      1
(1166,101)      2
(1167,101)      2
(1168,101)      1
(1169,101)      1
(1171,101)      1
(1172,101)      2
(1176,101)     11
(1180,101)     11
(1185,101)     11
(1215,101)     11
(1335,101)     11
(1391,101)     11
(1398,101)     11
(1419,101)     11
(1422,101)     11
(1426,101)     11
(1428,101)     11
(1509,101)     11
(1570,101)     11
(1686,101)     11
(1694,101)     11
(1699,101)     11
(1758,101)     11
(1787,101)     11
(1788,101)     11
(1887,101)     11
(2047,101)     11
(2127,101)     11
(2136,101)     11
(2139,101)     11
(2140,101)     11
(2141,101)     11
(2142,101)     11
(2143,101)     11
(2144,101)     11
(2145,101)     11
(2146,101)     11
(2149,101)     11
(2152,101)     11
(2154,101)     11
(2156,101)     11
(2157,101)     11
(2158,101)     11
(2159,101)     11
(2160,101)     11
(2161,101)     11
(2162,101)     11
(2163,101)     11
(2164,101)     11
(2165,101)     11
(2214,101)     11
(2217,101)     11
(2229,101)     11
(2298,101)     11
(2402,101)     11
  (70,107)      1
 (270,107)      1
 (465,107)      1
 (636,107)      1
 (718,107)      1
 (765,107)      1
 (766,107)      2
 (773,107)      1
(1787,107)      1
(2041,107)      2
 (257,108)      1
 (681,108)      1
(1765,108)      1
(1782,108)      1
(1783,108)      1
 (248,111)      1
 (270,111)      1
 (636,111)      1
 (718,111)      1
(1787,111)      1
(2041,111)      3
  (84,112)      1
 (160,112)      1
 (201,112)      1
 (302,112)      1
 (326,112)      1
 (352,112)      1
 (360,112)      1
 (442,112)      1
 (479,112)      1
 (488,112)      1
 (491,112)      1
 (606,112)      1
 (629,112)      1
 (636,112)      1
 (688,112)      1
 (692,112)      1
 (709,112)      1
 (722,112)      1
 (800,112)      1
 (811,112)      1
 (880,112)      1
 (895,112)      1
 (905,112)      1
(1020,112)      1
(1054,112)      1
(1161,112)      1
(1176,112)      1
(1180,112)      1
(1187,112)      1
(1188,112)      1
(1215,112)      1
(1218,112)      1
(1335,112)      1
(1387,112)      1
(1388,112)      1
(1391,112)      1
(1427,112)      1
(1428,112)      1
(1436,112)      1
(1442,112)      1
(1457,112)      1
(1509,112)      1
(1528,112)      1
(1540,112)      1
(1543,112)      1
(1706,112)      1
(1758,112)      1
(1947,112)      1
(1952,112)      1
(2022,112)      1
(2025,112)      1
(2031,112)      1
(2034,112)      1
(2039,112)      1
(2041,112)      1
(2045,112)      1
(2047,112)      1
(2057,112)      1
(2131,112)      1
(2133,112)      1
(2163,112)      1
(2219,112)      1
(2259,112)      1
(2264,112)      1
(2338,112)      1
(2410,112)      1
(2415,112)      1
(2471,112)      1
(2733,112)      1
(2759,112)      1
(2770,112)      2
(2771,112)      1
(2235,113)      7
(2236,113)      7
(2237,113)      7
(2238,113)      7
(2239,113)      7
(2240,113)      7
(2250,113)      7
(2252,113)      7
(1186,125)      1
(1402,125)      1
(1405,125)      1
(1406,125)      1
(2302,125)      1
(2313,125)      1
(2314,125)      1
(2315,125)      1
(2325,125)      1
(2326,125)      1
  (91,128)      1
(2345,129)      1
  (91,130)      1
 (203,130)      1
 (512,130)      1
 (778,130)      1
(2365,130)      1
  (28,131)      2
  (84,131)      2
 (141,131)      1
 (160,131)      4
 (254,131)      1
 (260,131)      2
 (268,131)      1
 (270,131)      1
 (298,131)      1
 (315,131)      1
 (324,131)      1
 (326,131)      1
 (351,131)      1
 (352,131)      1
 (360,131)      1
 (441,131)      5
 (613,131)      1
 (615,131)      1
 (622,131)      1
 (633,131)      1
 (636,131)      1
 (718,131)      1
 (720,131)      1
 (722,131)      1
 (726,131)      2
 (810,131)      1
 (811,131)      1
 (891,131)      1
 (901,131)      2
 (989,131)      1
(1128,131)      1
(1138,131)      1
(1139,131)      1
(1145,131)      1
(1147,131)      1
(1155,131)      1
(1159,131)      1
(1162,131)      1
(1166,131)      1
(1167,131)      1
(1172,131)      2
(1335,131)      1
(1345,131)      1
(1532,131)      2
(1543,131)      1
(1758,131)      1
(1839,131)      1
(1840,131)      1
(1870,131)      3
(1873,131)      1
(1913,131)      1
(1947,131)      1
(2017,131)      1
(2018,131)      1
(2019,131)      1
(2020,131)      1
(2021,131)      1
(2022,131)      1
(2023,131)      1
(2024,131)      1
(2025,131)      1
(2026,131)      1
(2027,131)      1
(2028,131)      1
(2029,131)      1
(2030,131)      1
(2031,131)      1
(2032,131)      1
(2033,131)      1
(2034,131)      2
(2035,131)      1
(2036,131)      1
(2037,131)      1
(2038,131)      1
(2039,131)      1
(2040,131)      1
(2041,131)      2
(2042,131)      1
(2043,131)      1
(2044,131)      1
(2045,131)      1
(2046,131)      1
(2047,131)      1
(2057,131)      1
(2068,131)      1
(2163,131)      1
(2214,131)      1
(2217,131)      1
(2259,131)      1
(2338,131)      1
(2459,131)      1
(2460,131)      1
(2461,131)      1
(2462,131)      1
(2463,131)      1
(2465,131)      1
(2466,131)      1
(2467,131)      1
(2473,131)      1
(2474,131)      1
(2475,131)      1
(2476,131)      1
(2477,131)      1
(2478,131)      1
(2479,131)      1
(2480,131)      1
(2481,131)      1
(2482,131)      1
(2483,131)      1
(2484,131)      1
(2485,131)      1
(2486,131)      1
(2487,131)      1
(2488,131)      1
(2490,131)      1
(2491,131)      1
(2492,131)      1
(2493,131)      1
(2494,131)      1
(2495,131)      1
(2496,131)      1
(2497,131)      1
(2498,131)      1
(2499,131)      1
(2500,131)      1
(2501,131)      1
(2502,131)      1
(2503,131)      1
(2504,131)      1
(2505,131)      1
(2506,131)      1
(2507,131)      1
(2508,131)      1
(2509,131)      1
(2510,131)      1
(2511,131)      1
(2512,131)      1
(2513,131)      1
(2514,131)      1
(2515,131)      1
(2516,131)      1
(2517,131)      1
(2518,131)      1
(2519,131)      1
(2520,131)      1
(2521,131)      1
(2522,131)      1
(2523,131)      1
(2524,131)      1
(2525,131)      1
(2526,131)      1
(2527,131)      1
(2528,131)      1
(2529,131)      1
(2530,131)      1
(2531,131)      1
(2532,131)      1
(2533,131)      1
(2534,131)      1
(2535,131)      1
(2770,131)      1
(2771,131)      1
  (91,132)      1
 (712,137)      1
 (716,137)      1
(2127,137)      1
(2253,137)      1
(2426,137)      1
(2446,137)      1
  (28,138)      2
 (141,138)      9
 (989,138)      1
(1127,138)      1
(1128,138)      2
(1129,138)      1
(1131,138)      1
(1132,138)      1
(1133,138)      1
(1134,138)      1
(1135,138)      1
(1136,138)      1
(1137,138)      1
(1138,138)      1
(1139,138)      2
(1140,138)      1
(1141,138)      1
(1142,138)      1
(1143,138)      1
(1144,138)      1
(1145,138)      2
(1146,138)      1
(1147,138)      2
(1148,138)      1
(1149,138)      1
(1150,138)      1
(1151,138)      1
(1152,138)      1
(1153,138)      1
(1155,138)      2
(1156,138)      1
(1158,138)      1
(1159,138)      2
(1160,138)      1
(1161,138)      1
(1162,138)      2
(1163,138)      1
(1164,138)      1
(1165,138)      1
(1166,138)      2
(1167,138)      2
(1168,138)      1
(1169,138)      1
(1171,138)      1
(1172,138)      2
(1680,138)      1
(2235,138)      1
(2236,138)      1
(2237,138)      1
(2238,138)      1
(2239,138)      1
(2240,138)      1
(2250,138)      1
(2252,138)      1
(2459,138)      9
(2460,138)      9
(2461,138)      1
(2462,138)      2
(2463,138)     10
(2465,138)      9
(2467,138)      9
(2473,138)      9
(2476,138)     17
(2477,138)      9
(2479,138)     15
(2480,138)     11
(2481,138)     15
(2482,138)     14
(2484,138)      4
(2485,138)      8
(2486,138)      1
(2487,138)     15
(2488,138)      9
(2490,138)      3
(2491,138)      3
(2492,138)      3
(2493,138)      3
(2494,138)      3
(2495,138)      3
(2496,138)     17
(2497,138)     21
(2498,138)     17
(2499,138)     17
(2500,138)     17
(2501,138)     17
(2502,138)     17
(2503,138)     17
(2504,138)      3
(2505,138)      3
(2506,138)      3
(2507,138)      3
(2509,138)      3
(2510,138)     17
(2511,138)     17
(2512,138)     17
(2513,138)     17
(2514,138)      3
(2515,138)      3
(2517,138)      2
(2518,138)      2
(2519,138)      3
(2521,138)      3
(2522,138)      3
(2523,138)      3
(2524,138)     17
(2525,138)     18
(2526,138)     17
(2527,138)     18
(2528,138)     17
(2529,138)     17
(2530,138)     16
(2532,138)      3
(2533,138)      3
(2535,138)      3
 (683,140)      1
 (688,140)      1
(2455,140)      1
(1680,141)      1
(2476,141)     13
(2479,141)     12
(2480,141)      9
(2481,141)     12
(2482,141)     11
(2485,141)      5
(2487,141)     12
(2496,141)     13
(2497,141)     16
(2498,141)     13
(2499,141)     13
(2500,141)     13
(2501,141)     13
(2502,141)     13
(2503,141)     13
(2510,141)     13
(2511,141)     13
(2512,141)     13
(2513,141)     13
(2524,141)     13
(2525,141)     14
(2526,141)     13
(2527,141)     14
(2528,141)     13
(2529,141)     13
(2530,141)     12
(2536,143)      1
(1127,146)      1
(1128,146)      1
(1129,146)      1
(1131,146)      1
(1132,146)      1
(1133,146)      1
(1134,146)      1
(1135,146)      1
(1136,146)      1
(1137,146)      1
(1139,146)      1
(1140,146)      1
(1141,146)      1
(1142,146)      1
(1143,146)      1
(1144,146)      1
(1145,146)      1
(1146,146)      1
(1147,146)      1
(1148,146)      1
(1149,146)      1
(1150,146)      1
(1151,146)      1
(1152,146)      1
(1153,146)      1
(1155,146)      1
(1156,146)      1
(1158,146)      1
(1159,146)      1
(1160,146)      1
(1161,146)      1
(1162,146)      1
(1163,146)      1
(1164,146)      1
(1165,146)      1
(1166,146)      1
(1167,146)      1
(1168,146)      1
(1169,146)      1
(1171,146)      1
(1172,146)      1
(1680,149)      1
(2476,149)      9
(2479,149)      8
(2480,149)      6
(2481,149)      8
(2482,149)      7
(2485,149)      3
(2487,149)      8
(2496,149)      9
(2497,149)      9
(2498,149)      9
(2499,149)      9
(2500,149)      9
(2501,149)      9
(2502,149)      9
(2503,149)      9
(2510,149)      9
(2511,149)      9
(2512,149)      9
(2513,149)      9
(2524,149)      9
(2525,149)      9
(2526,149)      9
(2527,149)      9
(2528,149)      9
(2529,149)      9
(2530,149)      8
  (84,159)      1
 (160,159)      1
 (201,159)      1
 (302,159)      1
 (326,159)      1
 (352,159)      1
 (360,159)      1
 (442,159)      1
 (479,159)      1
 (488,159)      1
 (491,159)      1
 (606,159)      1
 (629,159)      1
 (636,159)      1
 (688,159)      1
 (692,159)      1
 (709,159)      1
 (722,159)      1
 (800,159)      1
 (811,159)      1
 (880,159)      1
 (895,159)      1
 (905,159)      1
(1020,159)      1
(1054,159)      1
(1161,159)      1
(1176,159)      1
(1180,159)      1
(1187,159)      1
(1188,159)      1
(1215,159)      1
(1218,159)      1
(1335,159)      1
(1387,159)      1
(1388,159)      1
(1391,159)      1
(1427,159)      1
(1428,159)      1
(1436,159)      1
(1442,159)      1
(1457,159)      1
(1509,159)      1
(1528,159)      1